STATIONS_ID;MESS_DATUM;QN_4;TT_TER;RF_TER;eor
       5100;2023093006;    9;   10.2;  98.0;eor
       5100;2023093012;    9;   18.0;  56.0;eor
       5100;2023093018;    9;   14.6;  76.0;eor
       5100;2023100106;    9;    7.8;  98.0;eor
       5100;2023100112;    9;   20.8;  59.0;eor
       5100;2023100118;    9;   17.9;  73.0;eor
       5100;2023100206;    9;   10.1;  97.0;eor
       5100;2023100212;    9;   22.6;  58.0;eor
       5100;2023100218;    9;   20.1;  68.0;eor
       5100;2023100306;    9;   17.4;  72.0;eor
       5100;2023100312;    9;   16.9;  92.0;eor
       5100;2023100318;    9;   14.9;  65.0;eor
       5100;2023100406;    9;    8.1;  96.0;eor
       5100;2023100412;    9;   15.1;  65.0;eor
       5100;2023100418;    9;   13.1;  78.0;eor
       5100;2023100506;    9;    8.6;  97.0;eor
       5100;2023100512;    9;   14.4;  76.0;eor
       5100;2023100518;    9;   11.9;  82.0;eor
       5100;2023100606;    9;    7.2;  98.0;eor
       5100;2023100612;    9;   17.3;  61.0;eor
       5100;2023100618;    9;   13.3;  81.0;eor
       5100;2023100706;    9;    9.0;  95.0;eor
       5100;2023100712;    9;   17.6;  69.0;eor
       5100;2023100718;    9;   17.0;  73.0;eor
       5100;2023100806;    9;   11.4;  94.0;eor
       5100;2023100812;    9;   20.6;  62.0;eor
       5100;2023100818;    9;   17.5;  81.0;eor
       5100;2023100906;    9;   11.6;  96.0;eor
       5100;2023100912;    9;   21.1;  55.0;eor
       5100;2023100918;    9;   19.2;  53.0;eor
       5100;2023101006;    9;    9.3;  96.0;eor
       5100;2023101012;    9;   19.7;  61.0;eor
       5100;2023101018;    9;   17.5;  73.0;eor
       5100;2023101106;    9;   11.5;  91.0;eor
       5100;2023101112;    9;   23.2;  53.0;eor
       5100;2023101118;    9;   19.2;  64.0;eor
       5100;2023101206;    9;   15.2;  78.0;eor
       5100;2023101212;    9;   14.8;  91.0;eor
       5100;2023101218;    9;   16.4;  88.0;eor
       5100;2023101306;    9;   15.8;  89.0;eor
       5100;2023101312;    9;   21.5;  59.0;eor
       5100;2023101318;    9;   22.3;  50.0;eor
       5100;2023101406;    9;   13.8;  82.0;eor
       5100;2023101412;    9;   13.0;  55.0;eor
       5100;2023101418;    9;   10.0;  69.0;eor
       5100;2023101506;    9;    3.7;  97.0;eor
       5100;2023101512;    9;   11.1;  49.0;eor
       5100;2023101518;    9;    7.1;  71.0;eor
       5100;2023101606;    9;    1.1;  97.0;eor
       5100;2023101612;    9;    9.9;  65.0;eor
       5100;2023101618;    9;    7.2;  79.0;eor
       5100;2023101706;    9;    4.4;  82.0;eor
       5100;2023101712;    9;    9.6;  66.0;eor
       5100;2023101718;    9;    8.4;  70.0;eor
       5100;2023101806;    9;    5.3;  81.0;eor
       5100;2023101812;    9;   11.4;  67.0;eor
       5100;2023101818;    9;   12.3;  67.0;eor
       5100;2023101906;    9;   14.4;  91.0;eor
       5100;2023101912;    9;   16.6;  85.0;eor
       5100;2023101918;    9;   15.7;  85.0;eor
       5100;2023102006;    9;   14.0;  95.0;eor
       5100;2023102012;    9;   15.3;  92.0;eor
       5100;2023102018;    9;   12.6;  90.0;eor
       5100;2023102106;    9;   12.1;  86.0;eor
       5100;2023102112;    9;   15.1;  57.0;eor
       5100;2023102118;    9;   13.6;  61.0;eor
       5100;2023102206;    9;   10.1;  93.0;eor
       5100;2023102212;    9;   11.6;  85.0;eor
       5100;2023102218;    9;   11.3;  90.0;eor
       5100;2023102306;    9;    6.2; 100.0;eor
       5100;2023102312;    9;   10.5;  90.0;eor
       5100;2023102318;    9;   11.1;  86.0;eor
       5100;2023102406;    9;   10.6;  88.0;eor
       5100;2023102412;    9;   11.2;  88.0;eor
       5100;2023102418;    9;    9.7;  97.0;eor
       5100;2023102506;    9;    8.8;  91.0;eor
       5100;2023102512;    9;   11.4;  92.0;eor
       5100;2023102518;    9;   11.3;  95.0;eor
       5100;2023102606;    9;    7.3;  96.0;eor
       5100;2023102612;    9;    9.9;  93.0;eor
       5100;2023102618;    9;   10.2;  91.0;eor
       5100;2023102706;    9;    9.3;  96.0;eor
       5100;2023102712;    9;   12.2;  85.0;eor
       5100;2023102718;    9;   10.8;  87.0;eor
       5100;2023102806;    9;   10.1;  90.0;eor
       5100;2023102812;    9;   11.0;  86.0;eor
       5100;2023102818;    9;   11.8;  85.0;eor
       5100;2023102906;    9;   12.2;  87.0;eor
       5100;2023102912;    9;   12.7;  90.0;eor
       5100;2023102918;    9;   11.5;  85.0;eor
       5100;2023103006;    9;   11.0;  93.0;eor
       5100;2023103012;    9;   14.3;  75.0;eor
       5100;2023103018;    9;   12.3;  95.0;eor
       5100;2023103106;    9;    9.4;  86.0;eor
       5100;2023103112;    9;   11.5;  81.0;eor
       5100;2023103118;    9;   10.8;  88.0;eor
       5100;2023110106;    9;   11.3;  87.0;eor
       5100;2023110112;    9;   13.4;  72.0;eor
       5100;2023110118;    9;   10.6;  80.0;eor
       5100;2023110206;    9;   10.1;  87.0;eor
       5100;2023110212;    9;   12.6;  64.0;eor
       5100;2023110218;    9;   10.5;  76.0;eor
       5100;2023110306;    9;    7.4;  79.0;eor
       5100;2023110312;    9;    8.8;  71.0;eor
       5100;2023110318;    9;    6.7;  79.0;eor
       5100;2023110406;    9;    7.4;  87.0;eor
       5100;2023110412;    9;    7.9;  85.0;eor
       5100;2023110418;    9;   10.2;  83.0;eor
       5100;2023110506;    9;    9.7;  86.0;eor
       5100;2023110512;    9;   10.2;  87.0;eor
       5100;2023110518;    9;    9.6;  82.0;eor
       5100;2023110606;    9;    9.1;  80.0;eor
       5100;2023110612;    9;    9.5;  90.0;eor
       5100;2023110618;    9;    8.8;  86.0;eor
       5100;2023110706;    9;    7.6;  94.0;eor
       5100;2023110712;    9;   10.0;  81.0;eor
       5100;2023110718;    9;    7.9;  82.0;eor
       5100;2023110806;    9;    7.3;  86.0;eor
       5100;2023110812;    9;    9.8;  74.0;eor
       5100;2023110818;    9;    9.2;  75.0;eor
       5100;2023110906;    9;    7.1;  91.0;eor
       5100;2023110912;    9;    8.9;  90.0;eor
       5100;2023110918;    9;    8.8;  82.0;eor
       5100;2023111006;    9;    6.5;  89.0;eor
       5100;2023111012;    9;    7.6;  83.0;eor
       5100;2023111018;    9;    8.2;  80.0;eor
       5100;2023111106;    9;    5.8;  85.0;eor
       5100;2023111112;    9;    7.1;  80.0;eor
       5100;2023111118;    9;    5.4;  86.0;eor
       5100;2023111206;    9;    5.2;  92.0;eor
       5100;2023111212;    9;    7.0;  85.0;eor
       5100;2023111218;    9;    5.7;  97.0;eor
       5100;2023111306;    9;    9.9;  95.0;eor
       5100;2023111312;    9;   13.7;  92.0;eor
       5100;2023111318;    9;   13.6;  76.0;eor
       5100;2023111406;    9;   10.5;  80.0;eor
       5100;2023111412;    9;   11.2;  81.0;eor
       5100;2023111418;    9;    9.9;  89.0;eor
       5100;2023111506;    9;    9.4;  83.0;eor
       5100;2023111512;    9;    9.2;  86.0;eor
       5100;2023111518;    9;    8.4;  92.0;eor
       5100;2023111606;    9;    6.8;  95.0;eor
       5100;2023111612;    9;    7.0;  94.0;eor
       5100;2023111618;    9;    6.0;  95.0;eor
       5100;2023111706;    9;    5.7;  94.0;eor
       5100;2023111712;    9;    7.5;  81.0;eor
       5100;2023111718;    9;    5.6;  94.0;eor
       5100;2023111806;    9;    4.5;  98.0;eor
       5100;2023111812;    9;    6.8;  90.0;eor
       5100;2023111818;    9;    7.4;  94.0;eor
       5100;2023111906;    9;   12.1;  93.0;eor
       5100;2023111912;    9;   13.6;  64.0;eor
       5100;2023111918;    9;   11.1;  73.0;eor
       5100;2023112006;    9;    9.3;  87.0;eor
       5100;2023112012;    9;    9.4;  90.0;eor
       5100;2023112018;    9;    8.6;  87.0;eor
       5100;2023112106;    9;    7.3;  92.0;eor
       5100;2023112112;    9;    9.5;  79.0;eor
       5100;2023112118;    9;    8.3;  86.0;eor
       5100;2023112206;    9;    3.2;  89.0;eor
       5100;2023112212;    9;    5.4;  49.0;eor
       5100;2023112218;    9;    3.1;  65.0;eor
       5100;2023112306;    9;    3.4;  84.0;eor
       5100;2023112312;    9;    6.0;  87.0;eor
       5100;2023112318;    9;    6.8;  95.0;eor
       5100;2023112406;    9;    6.6;  88.0;eor
       5100;2023112412;    9;    5.4;  86.0;eor
       5100;2023112418;    9;    2.9;  85.0;eor
       5100;2023112506;    9;    1.1;  90.0;eor
       5100;2023112512;    9;    3.7;  88.0;eor
       5100;2023112518;    9;    3.7;  89.0;eor
       5100;2023112606;    9;    2.2;  96.0;eor
       5100;2023112612;    9;    4.4;  89.0;eor
       5100;2023112618;    9;    3.1;  87.0;eor
       5100;2023112706;    9;    1.1;  92.0;eor
       5100;2023112712;    9;    1.0;  90.0;eor
       5100;2023112718;    9;    1.4;  95.0;eor
       5100;2023112806;    9;    1.3;  81.0;eor
       5100;2023112812;    9;    1.3;  80.0;eor
       5100;2023112818;    9;   -0.5;  74.0;eor
       5100;2023112906;    9;    0.1;  93.0;eor
       5100;2023112912;    9;    2.2;  89.0;eor
       5100;2023112918;    9;    1.6;  95.0;eor
       5100;2023113006;    9;    1.7;  98.0;eor
       5100;2023113012;    9;    2.1;  96.0;eor
       5100;2023113018;    9;    1.6;  94.0;eor
       5100;2023120106;    9;    0.4;  86.0;eor
       5100;2023120112;    9;    0.1;  80.0;eor
       5100;2023120118;    9;   -0.7;  75.0;eor
       5100;2023120206;    9;   -3.5;  72.0;eor
       5100;2023120212;    9;   -2.3;  69.0;eor
       5100;2023120218;    9;   -3.9;  81.0;eor
       5100;2023120306;    9;   -4.2;  91.0;eor
       5100;2023120312;    9;   -0.2;  76.0;eor
       5100;2023120318;    9;   -0.6;  70.0;eor
       5100;2023120406;    9;   -1.6;  74.0;eor
       5100;2023120412;    9;    1.0;  89.0;eor
       5100;2023120418;    9;    3.4;  87.0;eor
       5100;2023120506;    9;    6.0;  92.0;eor
       5100;2023120512;    9;    3.8;  90.0;eor
       5100;2023120518;    9;    4.2;  94.0;eor
       5100;2023120606;    9;    3.0;  84.0;eor
       5100;2023120612;    9;    5.0;  78.0;eor
       5100;2023120618;    9;    3.1;  86.0;eor
       5100;2023120706;    9;    0.4;  92.0;eor
       5100;2023120712;    9;    2.8;  77.0;eor
       5100;2023120718;    9;    1.2;  77.0;eor
       5100;2023120806;    9;    1.8;  96.0;eor
       5100;2023120812;    9;    4.5;  98.0;eor
       5100;2023120818;    9;    6.0;  95.0;eor
       5100;2023120906;    9;    6.3;  92.0;eor
       5100;2023120912;    9;    7.2;  84.0;eor
       5100;2023120918;    9;    6.7;  94.0;eor
       5100;2023121006;    9;    8.0;  74.0;eor
       5100;2023121012;    9;    8.6;  79.0;eor
       5100;2023121018;    9;    9.1;  73.0;eor
       5100;2023121106;    9;   10.0;  77.0;eor
       5100;2023121112;    9;   10.6;  68.0;eor
       5100;2023121118;    9;    8.8;  78.0;eor
       5100;2023121206;    9;    7.0;  94.0;eor
       5100;2023121212;    9;    7.7;  96.0;eor
       5100;2023121218;    9;    9.5;  89.0;eor
       5100;2023121306;    9;    7.9;  90.0;eor
       5100;2023121312;    9;    8.3;  85.0;eor
       5100;2023121318;    9;    7.0;  90.0;eor
       5100;2023121406;    9;    6.1;  97.0;eor
       5100;2023121412;    9;    7.1;  82.0;eor
       5100;2023121418;    9;    5.1;  77.0;eor
       5100;2023121506;    9;    4.4;  97.0;eor
       5100;2023121512;    9;    5.9;  93.0;eor
       5100;2023121518;    9;    5.3;  97.0;eor
       5100;2023121606;    9;    4.3;  94.0;eor
       5100;2023121612;    9;    7.8;  66.0;eor
       5100;2023121618;    9;    4.2;  87.0;eor
       5100;2023121706;    9;    0.2;  99.0;eor
       5100;2023121712;    9;    1.5;  97.0;eor
       5100;2023121718;    9;    1.2;  99.0;eor
       5100;2023121806;    9;   -0.4;  99.0;eor
       5100;2023121812;    9;    1.5;  98.0;eor
       5100;2023121818;    9;    0.7;  97.0;eor
       5100;2023121906;    9;   -0.2;  97.0;eor
       5100;2023121912;    9;    1.9;  97.0;eor
       5100;2023121918;    9;    4.0;  95.0;eor
       5100;2023122006;    9;    3.7;  90.0;eor
       5100;2023122012;    9;    5.2;  81.0;eor
       5100;2023122018;    9;    5.7;  91.0;eor
       5100;2023122106;    9;    7.3;  95.0;eor
       5100;2023122112;    9;    8.7;  95.0;eor
       5100;2023122118;    9;    9.2;  77.0;eor
       5100;2023122206;    9;    7.0;  74.0;eor
       5100;2023122212;    9;    8.2;  91.0;eor
       5100;2023122218;    9;    8.7;  84.0;eor
       5100;2023122306;    9;    7.6;  85.0;eor
       5100;2023122312;    9;    8.3;  85.0;eor
       5100;2023122318;    9;    8.0;  93.0;eor
       5100;2023122406;    9;    8.1;  90.0;eor
       5100;2023122412;    9;    8.6;  90.0;eor
       5100;2023122418;    9;    9.3;  84.0;eor
       5100;2023122506;    9;    9.0;  90.0;eor
       5100;2023122512;    9;    9.6;  88.0;eor
       5100;2023122518;    9;    9.5;  88.0;eor
       5100;2023122606;    9;    8.5;  82.0;eor
       5100;2023122612;    9;    9.5;  82.0;eor
       5100;2023122618;    9;    7.1;  88.0;eor
       5100;2023122706;    9;    7.4;  95.0;eor
       5100;2023122712;    9;    7.8;  79.0;eor
       5100;2023122718;    9;    5.2;  84.0;eor
       5100;2023122806;    9;    8.3;  86.0;eor
       5100;2023122812;    9;    9.9;  79.0;eor
       5100;2023122818;    9;    8.4;  85.0;eor
       5100;2023122906;    9;    8.7;  81.0;eor
       5100;2023122912;    9;    8.8;  86.0;eor
       5100;2023122918;    9;    8.3;  91.0;eor
       5100;2023123006;    9;    7.7;  87.0;eor
       5100;2023123012;    9;    8.9;  81.0;eor
       5100;2023123018;    9;    8.1;  84.0;eor
       5100;2023123106;    9;    9.0;  72.0;eor
       5100;2023123112;    9;    7.8;  78.0;eor
       5100;2023123118;    9;    7.2;  76.0;eor
       5100;2024010106;    9;    6.2;  80.0;eor
       5100;2024010112;    9;    7.0;  75.0;eor
       5100;2024010118;    9;    7.0;  79.0;eor
       5100;2024010206;    9;    8.2;  93.0;eor
       5100;2024010212;    9;    8.4;  91.0;eor
       5100;2024010218;    9;    8.8;  92.0;eor
       5100;2024010306;    9;    9.4;  81.0;eor
       5100;2024010312;    9;   10.1;  77.0;eor
       5100;2024010318;    9;    7.5;  81.0;eor
       5100;2024010406;    9;    7.1;  88.0;eor
       5100;2024010412;    9;    7.7;  79.0;eor
       5100;2024010418;    9;    7.3;  84.0;eor
       5100;2024010506;    9;    7.7;  78.0;eor
       5100;2024010512;    9;    7.7;  67.0;eor
       5100;2024010518;    9;    5.7;  73.0;eor
       5100;2024010606;    9;    4.7;  89.0;eor
       5100;2024010612;    9;    5.9;  78.0;eor
       5100;2024010618;    9;    3.5;  84.0;eor
       5100;2024010706;    9;    1.7;  86.0;eor
       5100;2024010712;    9;    2.0;  86.0;eor
       5100;2024010718;    9;    0.8;  70.0;eor
       5100;2024010806;    9;   -2.1;  66.0;eor
       5100;2024010812;    9;   -2.2;  74.0;eor
       5100;2024010818;    9;   -3.8;  59.0;eor
       5100;2024010906;    9;   -7.1;  74.0;eor
       5100;2024010912;    9;   -2.4;  50.0;eor
       5100;2024010918;    9;   -3.2;  52.0;eor
       5100;2024011006;    9;   -6.4;  65.0;eor
       5100;2024011012;    9;   -1.9;  52.0;eor
       5100;2024011018;    9;   -2.4;  65.0;eor
       5100;2024011106;    9;   -6.6;  83.0;eor
       5100;2024011112;    9;   -0.8;  60.0;eor
       5100;2024011118;    9;   -0.4;  55.0;eor
       5100;2024011206;    9;   -3.4;  87.0;eor
       5100;2024011212;    9;   -2.0;  91.0;eor
       5100;2024011218;    9;   -1.3;  89.0;eor
       5100;2024011306;    9;   -1.0;  87.0;eor
       5100;2024011312;    9;   -1.1;  79.0;eor
       5100;2024011318;    9;   -1.7;  82.0;eor
       5100;2024011406;    9;   -3.0;  91.0;eor
       5100;2024011412;    9;   -3.9;  92.0;eor
       5100;2024011418;    9;   -4.4;  90.0;eor
       5100;2024011506;    9;   -2.5;  92.0;eor
       5100;2024011512;    9;   -0.4;  85.0;eor
       5100;2024011518;    9;   -0.3;  78.0;eor
       5100;2024011606;    9;   -3.3;  87.0;eor
       5100;2024011612;    9;    0.1;  72.0;eor
       5100;2024011618;    9;   -3.2;  78.0;eor
       5100;2024011706;    9;   -5.4;  89.0;eor
       5100;2024011712;    9;   -1.8;  94.0;eor
       5100;2024011718;    9;    0.0;  96.0;eor
       5100;2024011806;    9;   -1.9;  96.0;eor
       5100;2024011812;    9;   -0.2;  83.0;eor
       5100;2024011818;    9;   -2.5;  90.0;eor
       5100;2024011906;    9;   -6.6;  95.0;eor
       5100;2024011912;    9;   -2.9;  91.0;eor
       5100;2024011918;    9;   -2.4;  93.0;eor
       5100;2024012006;    9;   -7.4;  95.0;eor
       5100;2024012012;    9;   -6.6;  91.0;eor
       5100;2024012018;    9;   -6.9;  95.0;eor
       5100;2024012106;    9;   -8.3;  93.0;eor
       5100;2024012112;    9;   -0.6;  81.0;eor
       5100;2024012118;    9;    2.7;  82.0;eor
       5100;2024012206;    9;    6.8;  86.0;eor
       5100;2024012212;    9;    8.4;  93.0;eor
       5100;2024012218;    9;    7.3;  87.0;eor
       5100;2024012306;    9;    5.8;  78.0;eor
       5100;2024012312;    9;    6.7;  81.0;eor
       5100;2024012318;    9;    7.5;  82.0;eor
       5100;2024012406;    9;   11.8;  89.0;eor
       5100;2024012412;    9;   11.3;  65.0;eor
       5100;2024012418;    9;    9.0;  72.0;eor
       5100;2024012506;    9;    5.0;  91.0;eor
       5100;2024012512;    9;    8.7;  77.0;eor
       5100;2024012518;    9;    7.8;  98.0;eor
       5100;2024012606;    9;    9.1;  93.0;eor
       5100;2024012612;    9;    9.8;  95.0;eor
       5100;2024012618;    9;    5.7;  65.0;eor
       5100;2024012706;    9;   -2.4;  97.0;eor
       5100;2024012712;    9;    1.8;  85.0;eor
       5100;2024012718;    9;    2.0;  85.0;eor
       5100;2024012806;    9;   -3.5;  95.0;eor
       5100;2024012812;    9;    2.5;  77.0;eor
       5100;2024012818;    9;    3.6;  80.0;eor
       5100;2024012906;    9;    1.0;  91.0;eor
       5100;2024012912;    9;    8.7;  70.0;eor
       5100;2024012918;    9;    8.9;  77.0;eor
       5100;2024013006;    9;    2.7;  97.0;eor
       5100;2024013012;    9;    7.7;  82.0;eor
       5100;2024013018;    9;    9.5;  84.0;eor
       5100;2024013106;    9;    4.4;  87.0;eor
       5100;2024013112;    9;    6.6;  64.0;eor
       5100;2024013118;    9;    6.5;  71.0;eor
       5100;2024020106;    9;    6.6;  97.0;eor
       5100;2024020112;    9;    9.1;  76.0;eor
       5100;2024020118;    9;    5.9;  66.0;eor
       5100;2024020206;    9;    1.7;  90.0;eor
       5100;2024020212;    9;    7.3;  76.0;eor
       5100;2024020218;    9;    6.9;  84.0;eor
       5100;2024020306;    9;    6.2;  94.0;eor
       5100;2024020312;    9;    7.2;  94.0;eor
       5100;2024020318;    9;    8.6;  87.0;eor
       5100;2024020406;    9;    8.2;  90.0;eor
       5100;2024020412;    9;    8.8;  88.0;eor
       5100;2024020418;    9;    8.6;  88.0;eor
       5100;2024020506;    9;    8.3;  84.0;eor
       5100;2024020512;    9;    8.3;  78.0;eor
       5100;2024020518;    9;    6.3;  83.0;eor
       5100;2024020606;    9;    5.3;  92.0;eor
       5100;2024020612;    9;    7.4;  83.0;eor
       5100;2024020618;    9;    8.7;  79.0;eor
       5100;2024020706;    9;    8.7;  90.0;eor
       5100;2024020712;    9;    9.0;  92.0;eor
       5100;2024020718;    9;    8.6;  93.0;eor
       5100;2024020806;    9;    9.8;  96.0;eor
       5100;2024020812;    9;   11.0;  92.0;eor
       5100;2024020818;    9;   11.0;  87.0;eor
       5100;2024020906;    9;   10.2;  85.0;eor
       5100;2024020912;    9;   12.1;  76.0;eor
       5100;2024020918;    9;   11.4;  81.0;eor
       5100;2024021006;    9;    9.1;  92.0;eor
       5100;2024021012;    9;   10.0;  90.0;eor
       5100;2024021018;    9;   10.4;  85.0;eor
       5100;2024021106;    9;    6.7;  90.0;eor
       5100;2024021112;    9;    7.6;  88.0;eor
       5100;2024021118;    9;    7.8;  83.0;eor
       5100;2024021206;    9;    6.2;  89.0;eor
       5100;2024021212;    9;    8.4;  71.0;eor
       5100;2024021218;    9;    7.2;  72.0;eor
       5100;2024021306;    9;    2.7;  95.0;eor
       5100;2024021312;    9;    6.1;  81.0;eor
       5100;2024021318;    9;    7.3;  79.0;eor
       5100;2024021406;    9;    6.5;  95.0;eor
       5100;2024021412;    9;    9.5;  92.0;eor
       5100;2024021418;    9;   10.5;  95.0;eor
       5100;2024021506;    9;    9.3;  94.0;eor
       5100;2024021512;    9;   13.2;  72.0;eor
       5100;2024021518;    9;   13.0;  69.0;eor
       5100;2024021606;    9;   10.3;  72.0;eor
       5100;2024021612;    9;   13.4;  74.0;eor
       5100;2024021618;    9;   11.8;  95.0;eor
       5100;2024021706;    9;    5.7;  98.0;eor
       5100;2024021712;    9;   10.1;  78.0;eor
       5100;2024021718;    9;   10.0;  75.0;eor
       5100;2024021806;    9;    2.3;  98.0;eor
       5100;2024021812;    9;    7.3;  81.0;eor
       5100;2024021818;    9;    7.4;  95.0;eor
       5100;2024021906;    9;    7.8;  82.0;eor
       5100;2024021912;    9;   10.9;  76.0;eor
       5100;2024021918;    9;    9.2;  78.0;eor
       5100;2024022006;    9;    4.2;  96.0;eor
       5100;2024022012;    9;    8.5;  82.0;eor
       5100;2024022018;    9;    7.8;  77.0;eor
       5100;2024022106;    9;    6.3;  82.0;eor
       5100;2024022112;    9;    8.2;  77.0;eor
       5100;2024022118;    9;    8.9;  64.0;eor
       5100;2024022206;    9;    8.4;  95.0;eor
       5100;2024022212;    9;    9.9;  93.0;eor
       5100;2024022218;    9;   10.6;  81.0;eor
       5100;2024022306;    9;    4.0;  79.0;eor
       5100;2024022312;    9;    6.5;  70.0;eor
       5100;2024022318;    9;    5.9;  78.0;eor
       5100;2024022406;    9;    3.6;  88.0;eor
       5100;2024022412;    9;    5.2;  72.0;eor
       5100;2024022418;    9;    4.1;  81.0;eor
       5100;2024022506;    9;    3.9;  92.0;eor
       5100;2024022512;    9;    8.4;  71.0;eor
       5100;2024022518;    9;    7.9;  61.0;eor
       5100;2024022606;    9;    6.0;  88.0;eor
       5100;2024022612;    9;    8.9;  83.0;eor
       5100;2024022618;    9;    7.6;  89.0;eor
       5100;2024022706;    9;    6.3;  83.0;eor
       5100;2024022712;    9;    8.3;  71.0;eor
       5100;2024022718;    9;    7.4;  77.0;eor
       5100;2024022806;    9;    3.2;  92.0;eor
       5100;2024022812;    9;    4.5;  80.0;eor
       5100;2024022818;    9;    5.7;  80.0;eor
       5100;2024022906;    9;    0.6;  95.0;eor
       5100;2024022912;    9;    8.8;  60.0;eor
       5100;2024022918;    9;    7.8;  54.0;eor
       5100;2024030106;    9;    6.7;  86.0;eor
       5100;2024030112;    9;    8.2;  66.0;eor
       5100;2024030118;    9;    8.0;  66.0;eor
       5100;2024030206;    9;    6.2;  80.0;eor
       5100;2024030212;    9;   11.1;  59.0;eor
       5100;2024030218;    9;   10.4;  69.0;eor
       5100;2024030306;    9;    7.6;  82.0;eor
       5100;2024030312;    9;   13.4;  63.0;eor
       5100;2024030318;    9;   11.8;  72.0;eor
       5100;2024030406;    9;    6.4;  84.0;eor
       5100;2024030412;    9;    7.8;  78.0;eor
       5100;2024030418;    9;    7.8;  81.0;eor
       5100;2024030506;    9;    6.2;  96.0;eor
       5100;2024030512;    9;    7.9;  85.0;eor
       5100;2024030518;    9;    6.4;  86.0;eor
       5100;2024030606;    9;    0.8;  98.0;eor
       5100;2024030612;    9;    5.4;  83.0;eor
       5100;2024030618;    9;    8.4;  65.0;eor
       5100;2024030706;    9;    3.0;  88.0;eor
       5100;2024030712;    9;    6.7;  59.0;eor
       5100;2024030718;    9;    6.0;  65.0;eor
       5100;2024030806;    9;    1.8;  79.0;eor
       5100;2024030812;    9;    9.2;  52.0;eor
       5100;2024030818;    9;    7.0;  61.0;eor
       5100;2024030906;    9;    4.2;  75.0;eor
       5100;2024030912;    9;   15.0;  44.0;eor
       5100;2024030918;    9;   11.2;  56.0;eor
       5100;2024031006;    9;    8.3;  66.0;eor
       5100;2024031012;    9;   11.1;  59.0;eor
       5100;2024031018;    9;   10.2;  69.0;eor
       5100;2024031106;    9;    6.6;  93.0;eor
       5100;2024031112;    9;    9.0;  73.0;eor
       5100;2024031118;    9;    9.9;  64.0;eor
       5100;2024031206;    9;    6.5;  95.0;eor
       5100;2024031212;    9;    7.4;  82.0;eor
       5100;2024031218;    9;    7.1;  92.0;eor
       5100;2024031306;    9;    9.4;  97.0;eor
       5100;2024031312;    9;   11.7;  83.0;eor
       5100;2024031318;    9;   10.7;  87.0;eor
       5100;2024031406;    9;    7.6;  98.0;eor
       5100;2024031412;    9;   13.8;  68.0;eor
       5100;2024031418;    9;   13.7;  67.0;eor
       5100;2024031506;    9;   10.5;  83.0;eor
       5100;2024031512;    9;   12.0;  89.0;eor
       5100;2024031518;    9;   11.2;  89.0;eor
       5100;2024031606;    9;    9.4;  91.0;eor
       5100;2024031612;    9;   10.6;  67.0;eor
       5100;2024031618;    9;    8.8;  63.0;eor
       5100;2024031706;    9;    2.4;  95.0;eor
       5100;2024031712;    9;   10.1;  76.0;eor
       5100;2024031718;    9;   11.5;  68.0;eor
       5100;2024031806;    9;    8.7;  93.0;eor
       5100;2024031812;    9;   14.3;  66.0;eor
       5100;2024031818;    9;   13.1;  77.0;eor
       5100;2024031906;    9;    5.6;  98.0;eor
       5100;2024031912;    9;   16.0;  58.0;eor
       5100;2024031918;    9;   13.6;  58.0;eor
       5100;2024032006;    9;    5.1;  97.0;eor
       5100;2024032012;    9;   16.1;  55.0;eor
       5100;2024032018;    9;   15.3;  60.0;eor
       5100;2024032106;    9;    6.7;  97.0;eor
       5100;2024032112;    9;   14.8;  58.0;eor
       5100;2024032118;    9;   13.1;  57.0;eor
       5100;2024032206;    9;    9.6;  81.0;eor
       5100;2024032212;    9;   15.2;  66.0;eor
       5100;2024032218;    9;   14.5;  54.0;eor
       5100;2024032306;    9;    5.3;  82.0;eor
       5100;2024032312;    9;    6.8;  77.0;eor
       5100;2024032318;    9;    4.4;  77.0;eor
       5100;2024032406;    9;    4.0;  80.0;eor
       5100;2024032412;    9;    7.8;  66.0;eor
       5100;2024032418;    9;    8.0;  54.0;eor
       5100;2024032506;    9;    1.3;  96.0;eor
       5100;2024032512;    9;   10.2;  42.0;eor
       5100;2024032518;    9;    9.1;  49.0;eor
       5100;2024032606;    9;    6.8;  60.0;eor
       5100;2024032612;    9;   11.6;  59.0;eor
       5100;2024032618;    9;   13.1;  57.0;eor
       5100;2024032706;    9;    7.0;  81.0;eor
       5100;2024032712;    9;    6.8;  84.0;eor
       5100;2024032718;    9;    7.6;  77.0;eor
       5100;2024032806;    9;    5.5;  79.0;eor
       5100;2024032812;    9;    8.6;  66.0;eor
       5100;2024032818;    9;   10.2;  54.0;eor
       5100;2024032906;    9;    8.7;  91.0;eor
       5100;2024032912;    9;   10.0;  87.0;eor
       5100;2024032918;    9;    9.5;  93.0;eor
       5100;2024033006;    9;    8.7;  92.0;eor
       5100;2024033012;    9;   12.3;  69.0;eor
       5100;2024033018;    9;    9.2;  88.0;eor
       5100;2024033106;    9;    7.4;  94.0;eor
       5100;2024033112;    9;   16.2;  53.0;eor
       5100;2024033118;    9;   12.2;  72.0;eor
       5100;2024040106;    9;    7.9;  97.0;eor
       5100;2024040112;    9;    8.9;  89.0;eor
       5100;2024040118;    9;    9.6;  80.0;eor
       5100;2024040206;    9;    7.5;  88.0;eor
       5100;2024040212;    9;   11.1;  68.0;eor
       5100;2024040218;    9;   10.7;  69.0;eor
       5100;2024040306;    9;    8.8;  84.0;eor
       5100;2024040312;    9;   10.3;  86.0;eor
       5100;2024040318;    9;   11.6;  91.0;eor
       5100;2024040406;    9;   11.3;  90.0;eor
       5100;2024040412;    9;   10.8;  87.0;eor
       5100;2024040418;    9;   11.6;  87.0;eor
       5100;2024040506;    9;   11.7;  89.0;eor
       5100;2024040512;    9;   17.8;  57.0;eor
       5100;2024040518;    9;   16.5;  64.0;eor
       5100;2024040606;    9;   12.0;  73.0;eor
       5100;2024040612;    9;   23.1;  40.0;eor
       5100;2024040618;    9;   22.5;  34.0;eor
       5100;2024040706;    9;   14.6;  65.0;eor
       5100;2024040712;    9;   20.5;  47.0;eor
       5100;2024040718;    9;   19.7;  54.0;eor
       5100;2024040806;    9;   11.9;  85.0;eor
       5100;2024040812;    9;   21.6;  49.0;eor
       5100;2024040818;    9;   21.5;  39.0;eor
       5100;2024040906;    9;    9.9;  85.0;eor
       5100;2024040912;    9;   11.6;  57.0;eor
       5100;2024040918;    9;    8.3;  76.0;eor
       5100;2024041006;    9;    5.7;  87.0;eor
       5100;2024041012;    9;   11.9;  54.0;eor
       5100;2024041018;    9;   12.4;  45.0;eor
       5100;2024041106;    9;    3.5;  91.0;eor
       5100;2024041112;    9;   14.7;  50.0;eor
       5100;2024041118;    9;   15.0;  59.0;eor
       5100;2024041206;    9;    9.4;  87.0;eor
       5100;2024041212;    9;   17.2;  69.0;eor
       5100;2024041218;    9;   17.2;  64.0;eor
       5100;2024041306;    9;    8.3;  97.0;eor
       5100;2024041312;    9;   21.4;  55.0;eor
       5100;2024041318;    9;   21.1;  57.0;eor
       5100;2024041406;    9;   12.8;  75.0;eor
       5100;2024041412;    9;   18.9;  48.0;eor
       5100;2024041418;    9;   17.5;  54.0;eor
       5100;2024041506;    9;    8.7;  72.0;eor
       5100;2024041512;    9;   14.6;  38.0;eor
       5100;2024041518;    9;    5.0;  85.0;eor
       5100;2024041606;    9;    4.6;  86.0;eor
       5100;2024041612;    9;    8.4;  75.0;eor
       5100;2024041618;    9;    8.0;  72.0;eor
       5100;2024041706;    9;    3.7;  85.0;eor
       5100;2024041712;    9;    7.3;  72.0;eor
       5100;2024041718;    9;    5.7;  75.0;eor
       5100;2024041806;    9;    3.1;  91.0;eor
       5100;2024041812;    9;    9.0;  71.0;eor
       5100;2024041818;    9;    9.0;  49.0;eor
       5100;2024041906;    9;    5.1;  83.0;eor
       5100;2024041912;    9;    8.3;  88.0;eor
       5100;2024041918;    9;    9.7;  61.0;eor
       5100;2024042006;    9;    4.4;  83.0;eor
       5100;2024042012;    9;    9.6;  57.0;eor
       5100;2024042018;    9;    7.9;  60.0;eor
       5100;2024042106;    9;    3.2;  79.0;eor
       5100;2024042112;    9;    4.6;  79.0;eor
       5100;2024042118;    9;    4.9;  71.0;eor
       5100;2024042206;    9;   -0.3;  91.0;eor
       5100;2024042212;    9;    5.4;  56.0;eor
       5100;2024042218;    9;    6.4;  57.0;eor
       5100;2024042306;    9;    0.4;  94.0;eor
       5100;2024042312;    9;    8.8;  35.0;eor
       5100;2024042318;    9;    8.4;  44.0;eor
       5100;2024042406;    9;    4.2;  83.0;eor
       5100;2024042412;    9;    7.5;  53.0;eor
       5100;2024042418;    9;    6.5;  67.0;eor
       5100;2024042506;    9;    3.7;  84.0;eor
       5100;2024042512;    9;    7.1;  56.0;eor
       5100;2024042518;    9;    8.4;  50.0;eor
       5100;2024042606;    9;    2.6;  85.0;eor
       5100;2024042612;    9;   15.6;  41.0;eor
       5100;2024042618;    9;   12.3;  58.0;eor
       5100;2024042706;    9;    9.0;  80.0;eor
       5100;2024042712;    9;   15.5;  54.0;eor
       5100;2024042718;    9;   14.5;  58.0;eor
       5100;2024042806;    9;   10.8;  85.0;eor
       5100;2024042812;    9;   12.6;  69.0;eor
       5100;2024042818;    9;   12.3;  65.0;eor
       5100;2024042906;    9;    7.0;  92.0;eor
       5100;2024042912;    9;   16.5;  56.0;eor
       5100;2024042918;    9;   14.4;  69.0;eor
       5100;2024043006;    9;    9.9;  91.0;eor
       5100;2024043012;    9;   22.3;  48.0;eor
       5100;2024043018;    9;   22.3;  45.0;eor
       5100;2024050106;    9;   12.7;  84.0;eor
       5100;2024050112;    9;   23.6;  51.0;eor
       5100;2024050118;    9;   23.0;  46.0;eor
       5100;2024050206;    9;   13.7;  83.0;eor
       5100;2024050212;    9;   20.5;  66.0;eor
       5100;2024050218;    9;   13.5;  83.0;eor
       5100;2024050306;    9;    8.8;  95.0;eor
       5100;2024050312;    9;   13.6;  63.0;eor
       5100;2024050318;    9;   14.2;  55.0;eor
       5100;2024050406;    9;    6.7;  92.0;eor
       5100;2024050412;    9;   17.3;  49.0;eor
       5100;2024050418;    9;   11.4;  92.0;eor
       5100;2024050506;    9;    9.7;  91.0;eor
       5100;2024050512;    9;   15.6;  65.0;eor
       5100;2024050518;    9;   14.7;  86.0;eor
       5100;2024050606;    9;   12.9;  96.0;eor
       5100;2024050612;    9;   14.2;  95.0;eor
       5100;2024050618;    9;   13.8;  72.0;eor
       5100;2024050706;    9;    8.0;  97.0;eor
       5100;2024050712;    9;   15.0;  76.0;eor
       5100;2024050718;    9;   13.1;  77.0;eor
       5100;2024050806;    9;    9.9;  96.0;eor
       5100;2024050812;    9;   17.3;  55.0;eor
       5100;2024050818;    9;   15.7;  62.0;eor
       5100;2024050906;    9;    7.8;  97.0;eor
       5100;2024050912;    9;   18.9;  47.0;eor
       5100;2024050918;    9;   18.5;  46.0;eor
       5100;2024051006;    9;   10.3;  87.0;eor
       5100;2024051012;    9;   21.9;  38.0;eor
       5100;2024051018;    9;   19.6;  44.0;eor
       5100;2024051106;    9;   10.9;  83.0;eor
       5100;2024051112;    9;   23.3;  35.0;eor
       5100;2024051118;    9;   22.0;  37.0;eor
       5100;2024051206;    9;   13.5;  73.0;eor
       5100;2024051212;    9;   24.6;  39.0;eor
       5100;2024051218;    9;   22.8;  44.0;eor
       5100;2024051306;    9;   14.8;  87.0;eor
       5100;2024051312;    9;   21.6;  59.0;eor
       5100;2024051318;    9;   16.9;  91.0;eor
       5100;2024051406;    9;   15.7;  82.0;eor
       5100;2024051412;    9;   25.7;  50.0;eor
       5100;2024051418;    9;   20.2;  65.0;eor
       5100;2024051506;    9;   12.8;  96.0;eor
       5100;2024051512;    9;   13.8;  92.0;eor
       5100;2024051518;    9;   14.4;  91.0;eor
       5100;2024051606;    9;   12.6;  97.0;eor
       5100;2024051612;    9;   16.5;  67.0;eor
       5100;2024051618;    9;   16.8;  65.0;eor
       5100;2024051706;    9;   12.2;  97.0;eor
       5100;2024051712;    9;   13.0;  93.0;eor
       5100;2024051718;    9;   12.7;  93.0;eor
       5100;2024051806;    9;   11.8;  93.0;eor
       5100;2024051812;    9;   14.7;  82.0;eor
       5100;2024051818;    9;   15.2;  78.0;eor
       5100;2024051906;    9;   12.0;  98.0;eor
       5100;2024051912;    9;   16.9;  63.0;eor
       5100;2024051918;    9;   15.1;  77.0;eor
       5100;2024052006;    9;    9.7;  99.0;eor
       5100;2024052012;    9;   19.7;  48.0;eor
       5100;2024052018;    9;   20.8;  55.0;eor
       5100;2024052106;    9;   13.0;  94.0;eor
       5100;2024052112;    9;   15.4;  89.0;eor
       5100;2024052118;    9;   15.2;  88.0;eor
       5100;2024052206;    9;   12.9;  91.0;eor
       5100;2024052212;    9;   14.4;  76.0;eor
       5100;2024052218;    9;   17.0;  63.0;eor
       5100;2024052306;    9;    9.9;  98.0;eor
       5100;2024052312;    9;   17.6;  59.0;eor
       5100;2024052318;    9;   16.1;  71.0;eor
       5100;2024052406;    9;   11.5;  95.0;eor
       5100;2024052412;    9;   14.1;  88.0;eor
       5100;2024052418;    9;   16.4;  69.0;eor
       5100;2024052506;    9;   11.0;  96.0;eor
       5100;2024052512;    9;   19.2;  55.0;eor
       5100;2024052518;    9;   18.4;  60.0;eor
       5100;2024052606;    9;   11.5;  89.0;eor
       5100;2024052612;    9;   22.0;  50.0;eor
       5100;2024052618;    9;   19.5;  64.0;eor
       5100;2024052706;    9;   14.6;  82.0;eor
       5100;2024052712;    9;   20.0;  48.0;eor
       5100;2024052718;    9;   16.5;  60.0;eor
       5100;2024052806;    9;   10.1;  87.0;eor
       5100;2024052812;    9;   17.0;  51.0;eor
       5100;2024052818;    9;   15.7;  66.0;eor
       5100;2024052906;    9;   14.0;  85.0;eor
       5100;2024052912;    9;   16.1;  79.0;eor
       5100;2024052918;    9;   14.6;  86.0;eor
       5100;2024053006;    9;   12.4;  95.0;eor
       5100;2024053012;    9;   16.4;  69.0;eor
       5100;2024053018;    9;   12.9;  83.0;eor
       5100;2024053106;    9;   11.3;  94.0;eor
       5100;2024053112;    9;   16.0;  63.0;eor
       5100;2024053118;    9;   18.3;  55.0;eor
       5100;2024060106;    9;   12.7;  89.0;eor
       5100;2024060112;    9;   18.0;  59.0;eor
       5100;2024060118;    9;   17.5;  80.0;eor
       5100;2024060206;    9;   14.8;  85.0;eor
       5100;2024060212;    9;   16.6;  75.0;eor
       5100;2024060218;    9;   15.2;  73.0;eor
       5100;2024060306;    9;   11.7;  81.0;eor
       5100;2024060312;    9;   16.7;  54.0;eor
       5100;2024060318;    9;   18.4;  56.0;eor
       5100;2024060406;    9;    9.6;  88.0;eor
       5100;2024060412;    9;   18.7;  57.0;eor
       5100;2024060418;    9;   19.1;  58.0;eor
       5100;2024060506;    9;   14.1;  81.0;eor
       5100;2024060512;    9;   18.0;  70.0;eor
       5100;2024060518;    9;   14.4;  91.0;eor
       5100;2024060606;    9;   11.9;  97.0;eor
       5100;2024060612;    9;   20.3;  50.0;eor
       5100;2024060618;    9;   19.4;  40.0;eor
       5100;2024060706;    9;   12.6;  75.0;eor
       5100;2024060712;    9;   20.9;  44.0;eor
       5100;2024060718;    9;   20.4;  34.0;eor
       5100;2024060806;    9;   11.0;  78.0;eor
       5100;2024060812;    9;   21.6;  42.0;eor
       5100;2024060818;    9;   20.6;  44.0;eor
       5100;2024060906;    9;   12.0;  79.0;eor
       5100;2024060912;    9;   20.0;  42.0;eor
       5100;2024060918;    9;   20.5;  36.0;eor
       5100;2024061006;    9;   10.3;  79.0;eor
       5100;2024061012;    9;   15.2;  58.0;eor
       5100;2024061018;    9;   13.3;  68.0;eor
       5100;2024061106;    9;    9.1;  80.0;eor
       5100;2024061112;    9;   14.6;  46.0;eor
       5100;2024061118;    9;   14.8;  48.0;eor
       5100;2024061206;    9;   10.1;  73.0;eor
       5100;2024061212;    9;   16.2;  46.0;eor
       5100;2024061218;    9;   13.8;  55.0;eor
       5100;2024061306;    9;    8.4;  86.0;eor
       5100;2024061312;    9;   17.4;  44.0;eor
       5100;2024061318;    9;   18.0;  44.0;eor
       5100;2024061406;    9;   12.1;  89.0;eor
       5100;2024061412;    9;   15.6;  80.0;eor
       5100;2024061418;    9;   17.9;  73.0;eor
       5100;2024061506;    9;   12.3;  80.0;eor
       5100;2024061512;    9;   16.6;  45.0;eor
       5100;2024061518;    9;   16.5;  53.0;eor
       5100;2024061606;    9;   13.6;  76.0;eor
       5100;2024061612;    9;   17.2;  62.0;eor
       5100;2024061618;    9;   16.1;  75.0;eor
       5100;2024061706;    9;   15.0;  85.0;eor
       5100;2024061712;    9;   20.3;  61.0;eor
       5100;2024061718;    9;   20.4;  61.0;eor
       5100;2024061806;    9;   15.2;  90.0;eor
       5100;2024061812;    9;   20.7;  81.0;eor
       5100;2024061818;    9;   23.1;  62.0;eor
       5100;2024061906;    9;   15.9;  93.0;eor
       5100;2024061912;    9;   16.4;  84.0;eor
       5100;2024061918;    9;   18.1;  71.0;eor
       5100;2024062006;    9;   13.6;  91.0;eor
       5100;2024062012;    9;   21.9;  69.0;eor
       5100;2024062018;    9;   22.1;  79.0;eor
       5100;2024062106;    9;   17.1;  91.0;eor
       5100;2024062112;    9;   23.5;  63.0;eor
       5100;2024062118;    9;   16.7;  81.0;eor
       5100;2024062206;    9;   13.9;  90.0;eor
       5100;2024062212;    9;   18.2;  76.0;eor
       5100;2024062218;    9;   16.7;  75.0;eor
       5100;2024062306;    9;   14.3;  92.0;eor
       5100;2024062312;    9;   22.2;  55.0;eor
       5100;2024062318;    9;   21.6;  59.0;eor
       5100;2024062406;    9;   15.4;  87.0;eor
       5100;2024062412;    9;   25.2;  48.0;eor
       5100;2024062418;    9;   24.7;  46.0;eor
       5100;2024062506;    9;   17.6;  74.0;eor
       5100;2024062512;    9;   26.9;  40.0;eor
       5100;2024062518;    9;   26.8;  46.0;eor
       5100;2024062606;    9;   18.0;  80.0;eor
       5100;2024062612;    9;   28.0;  43.0;eor
       5100;2024062618;    9;   29.3;  34.0;eor
       5100;2024062706;    9;   18.5;  78.0;eor
       5100;2024062712;    9;   29.9;  45.0;eor
       5100;2024062718;    9;   27.9;  46.0;eor
       5100;2024062806;    9;   18.4;  70.0;eor
       5100;2024062812;    9;   23.5;  49.0;eor
       5100;2024062818;    9;   22.9;  41.0;eor
       5100;2024062906;    9;   14.4;  78.0;eor
       5100;2024062912;    9;   27.6;  50.0;eor
       5100;2024062918;    9;   26.6;  59.0;eor
       5100;2024063006;    9;   18.0;  95.0;eor
       5100;2024063012;    9;   18.2;  78.0;eor
       5100;2024063018;    9;   17.9;  79.0;eor
       5100;2024070106;    9;   15.2;  94.0;eor
       5100;2024070112;    9;   18.5;  54.0;eor
       5100;2024070118;    9;   17.4;  56.0;eor
       5100;2024070206;    9;   13.8;  83.0;eor
       5100;2024070212;    9;   13.5;  89.0;eor
       5100;2024070218;    9;   14.3;  90.0;eor
       5100;2024070306;    9;   13.0;  93.0;eor
       5100;2024070312;    9;   13.6;  88.0;eor
       5100;2024070318;    9;   13.6;  85.0;eor
       5100;2024070406;    9;   13.8;  96.0;eor
       5100;2024070412;    9;   20.4;  59.0;eor
       5100;2024070418;    9;   19.9;  48.0;eor
       5100;2024070506;    9;   13.5;  72.0;eor
       5100;2024070512;    9;   21.4;  51.0;eor
       5100;2024070518;    9;   22.2;  57.0;eor
       5100;2024070606;    9;   17.2;  77.0;eor
       5100;2024070612;    9;   21.2;  55.0;eor
       5100;2024070618;    9;   17.9;  60.0;eor
       5100;2024070706;    9;   10.4;  82.0;eor
       5100;2024070712;    9;   19.4;  46.0;eor
       5100;2024070718;    9;   19.8;  46.0;eor
       5100;2024070806;    9;   12.5;  84.0;eor
       5100;2024070812;    9;   22.2;  36.0;eor
       5100;2024070818;    9;   22.0;  47.0;eor
       5100;2024070906;    9;   16.0;  79.0;eor
       5100;2024070912;    9;   31.1;  39.0;eor
       5100;2024070918;    9;   28.9;  42.0;eor
       5100;2024071006;    9;   19.0;  92.0;eor
       5100;2024071012;    9;   26.4;  57.0;eor
       5100;2024071018;    9;   24.6;  58.0;eor
       5100;2024071106;    9;   18.8;  86.0;eor
       5100;2024071112;    9;   24.4;  49.0;eor
       5100;2024071118;    9;   24.1;  53.0;eor
       5100;2024071206;    9;   16.4;  93.0;eor
       5100;2024071212;    9;   21.2;  70.0;eor
       5100;2024071218;    9;   16.0;  73.0;eor
       5100;2024071306;    9;   13.6;  87.0;eor
       5100;2024071312;    9;   19.4;  52.0;eor
       5100;2024071318;    9;   18.5;  54.0;eor
       5100;2024071406;    9;   12.1;  88.0;eor
       5100;2024071412;    9;   22.3;  42.0;eor
       5100;2024071418;    9;   21.4;  48.0;eor
       5100;2024071506;    9;   13.5;  84.0;eor
       5100;2024071512;    9;   27.5;  39.0;eor
       5100;2024071518;    9;   24.4;  68.0;eor
       5100;2024071606;    9;   16.6;  83.0;eor
       5100;2024071612;    9;   17.8;  79.0;eor
       5100;2024071618;    9;   20.1;  64.0;eor
       5100;2024071706;    9;   15.8;  82.0;eor
       5100;2024071712;    9;   23.6;  54.0;eor
       5100;2024071718;    9;   23.8;  49.0;eor
       5100;2024071806;    9;   16.0;  85.0;eor
       5100;2024071812;    9;   26.5;  48.0;eor
       5100;2024071818;    9;   25.4;  48.0;eor
       5100;2024071906;    9;   17.1;  80.0;eor
       5100;2024071912;    9;   27.6;  43.0;eor
       5100;2024071918;    9;   27.9;  45.0;eor
       5100;2024072006;    9;   17.9;  87.0;eor
       5100;2024072012;    9;   30.5;  43.0;eor
       5100;2024072018;    9;   27.1;  57.0;eor
       5100;2024072106;    9;   19.6;  87.0;eor
       5100;2024072112;    9;   24.1;  63.0;eor
       5100;2024072118;    9;   24.1;  61.0;eor
       5100;2024072206;    9;   17.1;  88.0;eor
       5100;2024072212;    9;   23.0;  50.0;eor
       5100;2024072218;    9;   22.4;  51.0;eor
       5100;2024072306;    9;   17.5;  82.0;eor
       5100;2024072312;    9;   20.9;  77.0;eor
       5100;2024072318;    9;   20.6;  60.0;eor
       5100;2024072406;    9;   15.1;  77.0;eor
       5100;2024072412;    9;   19.6;  51.0;eor
       5100;2024072418;    9;   22.4;  47.0;eor
       5100;2024072506;    9;   14.3;  88.0;eor
       5100;2024072512;    9;   23.4;  47.0;eor
       5100;2024072518;    9;   24.0;  49.0;eor
       5100;2024072606;    9;   17.1;  93.0;eor
       5100;2024072612;    9;   21.3;  77.0;eor
       5100;2024072618;    9;   20.8;  91.0;eor
       5100;2024072706;    9;   17.6;  96.0;eor
       5100;2024072712;    9;   19.7;  90.0;eor
       5100;2024072718;    9;   18.8;  96.0;eor
       5100;2024072806;    9;   13.4;  96.0;eor
       5100;2024072812;    9;   20.8;  57.0;eor
       5100;2024072818;    9;   22.1;  51.0;eor
       5100;2024072906;    9;   13.5;  91.0;eor
       5100;2024072912;    9;   26.4;  46.0;eor
       5100;2024072918;    9;   25.6;  43.0;eor
       5100;2024073006;    9;   15.5;  87.0;eor
       5100;2024073012;    9;   28.7;  50.0;eor
       5100;2024073018;    9;   30.8;  44.0;eor
       5100;2024073106;    9;   18.7;  89.0;eor
       5100;2024073112;    9;   26.4;  65.0;eor
       5100;2024073118;    9;   26.4;  58.0;eor
       5100;2024080106;    9;   18.9;  93.0;eor
       5100;2024080112;    9;   20.3;  86.0;eor
       5100;2024080118;    9;   21.1;  92.0;eor
       5100;2024080206;    9;   17.7;  96.0;eor
       5100;2024080212;    9;   26.1;  61.0;eor
       5100;2024080218;    9;   22.5;  75.0;eor
       5100;2024080306;    9;   17.5;  97.0;eor
       5100;2024080312;    9;   24.7;  65.0;eor
       5100;2024080318;    9;   20.2;  68.0;eor
       5100;2024080406;    9;   16.8;  91.0;eor
       5100;2024080412;    9;   20.5;  84.0;eor
       5100;2024080418;    9;   20.3;  75.0;eor
       5100;2024080506;    9;   15.8;  92.0;eor
       5100;2024080512;    9;   23.5;  50.0;eor
       5100;2024080518;    9;   25.1;  45.0;eor
       5100;2024080606;    9;   15.3;  94.0;eor
       5100;2024080612;    9;   26.7;  50.0;eor
       5100;2024080618;    9;   25.5;  60.0;eor
       5100;2024080706;    9;   17.2;  92.0;eor
       5100;2024080712;    9;   24.6;  65.0;eor
       5100;2024080718;    9;   21.4;  62.0;eor
       5100;2024080806;    9;   15.4;  88.0;eor
       5100;2024080812;    9;   21.6;  51.0;eor
       5100;2024080818;    9;   22.4;  52.0;eor
       5100;2024080906;    9;   17.0;  79.0;eor
       5100;2024080912;    9;   25.2;  55.0;eor
       5100;2024080918;    9;   24.2;  64.0;eor
       5100;2024081006;    9;   17.5;  88.0;eor
       5100;2024081012;    9;   25.5;  41.0;eor
       5100;2024081018;    9;   25.6;  39.0;eor
       5100;2024081106;    9;   15.4;  87.0;eor
       5100;2024081112;    9;   28.0;  50.0;eor
       5100;2024081118;    9;   26.7;  56.0;eor
       5100;2024081206;    9;   18.7;  85.0;eor
       5100;2024081212;    9;   32.7;  48.0;eor
       5100;2024081218;    9;   31.2;  52.0;eor
       5100;2024081306;    9;   20.9;  94.0;eor
       5100;2024081312;    9;   34.3;  40.0;eor
       5100;2024081318;    9;   28.7;  54.0;eor
       5100;2024081406;    9;   19.8;  87.0;eor
       5100;2024081412;    9;   24.0;  70.0;eor
       5100;2024081418;    9;   22.2;  73.0;eor
       5100;2024081506;    9;   15.2;  96.0;eor
       5100;2024081512;    9;   26.1;  51.0;eor
       5100;2024081518;    9;   25.5;  55.0;eor
       5100;2024081606;    9;   15.9;  93.0;eor
       5100;2024081612;    9;   25.8;  43.0;eor
       5100;2024081618;    9;   24.3;  57.0;eor
       5100;2024081706;    9;   20.0;  83.0;eor
       5100;2024081712;    9;   24.0;  67.0;eor
       5100;2024081718;    9;   19.7;  83.0;eor
       5100;2024081806;    9;   16.8;  93.0;eor
       5100;2024081812;    9;   21.8;  65.0;eor
       5100;2024081818;    9;   20.7;  67.0;eor
       5100;2024081906;    9;   14.4;  89.0;eor
       5100;2024081912;    9;   23.8;  48.0;eor
       5100;2024081918;    9;   21.5;  59.0;eor
       5100;2024082006;    9;   13.0;  91.0;eor
       5100;2024082012;    9;   24.9;  52.0;eor
       5100;2024082018;    9;   22.5;  57.0;eor
       5100;2024082106;    9;   13.0;  93.0;eor
       5100;2024082112;    9;   18.7;  53.0;eor
       5100;2024082118;    9;   18.0;  53.0;eor
       5100;2024082206;    9;   10.3;  95.0;eor
       5100;2024082212;    9;   21.4;  50.0;eor
       5100;2024082218;    9;   21.0;  48.0;eor
       5100;2024082306;    9;   14.2;  80.0;eor
       5100;2024082312;    9;   21.2;  64.0;eor
       5100;2024082318;    9;   21.8;  69.0;eor
       5100;2024082406;    9;   17.6;  87.0;eor
       5100;2024082412;    9;   30.1;  43.0;eor
       5100;2024082418;    9;   28.3;  47.0;eor
       5100;2024082506;    9;   13.2;  85.0;eor
       5100;2024082512;    9;   20.0;  46.0;eor
       5100;2024082518;    9;   18.2;  47.0;eor
       5100;2024082606;    9;    8.5;  95.0;eor
       5100;2024082612;    9;   21.4;  40.0;eor
       5100;2024082618;    9;   20.5;  46.0;eor
       5100;2024082706;    9;   10.0;  95.0;eor
       5100;2024082712;    9;   25.0;  41.0;eor
       5100;2024082718;    9;   24.1;  46.0;eor
       5100;2024082806;    9;   13.4;  93.0;eor
       5100;2024082812;    9;   28.9;  44.0;eor
       5100;2024082818;    9;   27.1;  53.0;eor
       5100;2024082906;    9;   17.4;  94.0;eor
       5100;2024082912;    9;   30.7;  41.0;eor
       5100;2024082918;    9;   26.9;  54.0;eor
       5100;2024083006;    9;   19.0;  83.0;eor
       5100;2024083012;    9;   21.8;  84.0;eor
       5100;2024083018;    9;   20.5;  80.0;eor
       5100;2024083106;    9;   16.8;  87.0;eor
       5100;2024083112;    9;   25.8;  63.0;eor
       5100;2024083118;    9;   25.8;  63.0;eor
       5100;2024090106;    9;   18.4;  83.0;eor
       5100;2024090112;    9;   29.7;  50.0;eor
       5100;2024090118;    9;   29.1;  45.0;eor
       5100;2024090206;    9;   17.5;  93.0;eor
       5100;2024090212;    9;   23.4;  75.0;eor
       5100;2024090218;    9;   21.3;  78.0;eor
       5100;2024090306;    9;   17.3;  97.0;eor
       5100;2024090312;    9;   27.0;  53.0;eor
       5100;2024090318;    9;   23.6;  62.0;eor
       5100;2024090406;    9;   17.6;  96.0;eor
       5100;2024090412;    9;   20.8;  77.0;eor
       5100;2024090418;    9;   19.1;  86.0;eor
       5100;2024090506;    9;   17.4;  93.0;eor
       5100;2024090512;    9;   25.5;  66.0;eor
       5100;2024090518;    9;   21.8;  83.0;eor
       5100;2024090606;    9;   15.3;  96.0;eor
       5100;2024090612;    9;   17.3;  83.0;eor
       5100;2024090618;    9;   17.1;  85.0;eor
       5100;2024090706;    9;   13.8;  98.0;eor
       5100;2024090712;    9;   25.6;  61.0;eor
       5100;2024090718;    9;   24.8;  59.0;eor
       5100;2024090806;    9;   17.4;  85.0;eor
       5100;2024090812;    9;   20.7;  55.0;eor
       5100;2024090818;    9;   18.8;  61.0;eor
       5100;2024090906;    9;   14.2;  92.0;eor
       5100;2024090912;    9;   17.5;  71.0;eor
       5100;2024090918;    9;   15.7;  87.0;eor
       5100;2024091006;    9;   13.0;  96.0;eor
       5100;2024091012;    9;   16.2;  64.0;eor
       5100;2024091018;    9;   14.8;  71.0;eor
       5100;2024091106;    9;   11.4;  92.0;eor
       5100;2024091112;    9;   13.6;  58.0;eor
       5100;2024091118;    9;   11.6;  65.0;eor
       5100;2024091206;    9;    6.7;  95.0;eor
       5100;2024091212;    9;   13.3;  52.0;eor
       5100;2024091218;    9;   10.8;  72.0;eor
       5100;2024091306;    9;    6.5;  95.0;eor
       5100;2024091312;    9;   15.0;  56.0;eor
       5100;2024091318;    9;   13.1;  74.0;eor
       5100;2024091406;    9;    4.9;  97.0;eor
       5100;2024091412;    9;   13.4;  58.0;eor
       5100;2024091418;    9;   11.8;  64.0;eor
       5100;2024091506;    9;    3.8;  96.0;eor
       5100;2024091512;    9;   16.0;  54.0;eor
       5100;2024091518;    9;   14.6;  64.0;eor
       5100;2024091606;    9;   12.0;  89.0;eor
       5100;2024091612;    9;   16.2;  68.0;eor
       5100;2024091618;    9;   15.8;  74.0;eor
       5100;2024091706;    9;   12.7;  84.0;eor
       5100;2024091712;    9;   17.5;  69.0;eor
       5100;2024091718;    9;   18.1;  73.0;eor
       5100;2024091806;    9;   14.4;  90.0;eor
       5100;2024091812;    9;   22.5;  54.0;eor
       5100;2024091818;    9;   20.0;  60.0;eor
       5100;2024091906;    9;   14.1;  87.0;eor
       5100;2024091912;    9;   23.6;  45.0;eor
       5100;2024091918;    9;   18.8;  59.0;eor
       5100;2024092006;    9;   12.1;  85.0;eor
       5100;2024092012;    9;   22.4;  49.0;eor
       5100;2024092018;    9;   18.2;  64.0;eor
       5100;2024092106;    9;   10.2;  96.0;eor
       5100;2024092112;    9;   22.1;  52.0;eor
       5100;2024092118;    9;   19.4;  63.0;eor
       5100;2024092206;    9;   10.3;  96.0;eor
       5100;2024092212;    9;   22.0;  55.0;eor
       5100;2024092218;    9;   19.1;  73.0;eor
       5100;2024092306;    9;   15.6;  85.0;eor
       5100;2024092312;    9;   17.8;  62.0;eor
       5100;2024092318;    9;   16.3;  66.0;eor
       5100;2024092406;    9;   12.9;  89.0;eor
       5100;2024092412;    9;   13.5;  88.0;eor
       5100;2024092418;    9;   13.5;  95.0;eor
       5100;2024092506;    9;   13.5;  91.0;eor
       5100;2024092512;    9;   14.5;  91.0;eor
       5100;2024092518;    9;   15.1;  83.0;eor
       5100;2024092606;    9;   15.9;  96.0;eor
       5100;2024092612;    9;   16.4;  90.0;eor
       5100;2024092618;    9;   15.7;  88.0;eor
       5100;2024092706;    9;   12.1;  84.0;eor
       5100;2024092712;    9;   12.1;  86.0;eor
       5100;2024092718;    9;   11.6;  80.0;eor
       5100;2024092806;    9;    9.1;  87.0;eor
       5100;2024092812;    9;   13.1;  63.0;eor
       5100;2024092818;    9;    9.8;  71.0;eor
       5100;2024092906;    9;    3.8; 100.0;eor
       5100;2024092912;    9;   11.3;  79.0;eor
       5100;2024092918;    9;   11.0;  67.0;eor
       5100;2024093006;    9;    8.4;  92.0;eor
       5100;2024093012;    9;   13.4;  93.0;eor
       5100;2024093018;    9;   14.0;  91.0;eor
       5100;2024100106;    9;   12.0;  87.0;eor
       5100;2024100112;    9;   15.2;  65.0;eor
       5100;2024100118;    9;   11.2;  83.0;eor
       5100;2024100206;    9;    7.9;  99.0;eor
       5100;2024100212;    9;   16.1;  52.0;eor
       5100;2024100218;    9;   12.9;  77.0;eor
       5100;2024100306;    9;    9.3;  82.0;eor
       5100;2024100312;    9;   11.5;  72.0;eor
       5100;2024100318;    9;    9.9;  80.0;eor
       5100;2024100406;    9;    8.9;  89.0;eor
       5100;2024100412;    9;   12.5;  73.0;eor
       5100;2024100418;    9;   11.5;  76.0;eor
       5100;2024100506;    9;    6.2;  98.0;eor
       5100;2024100512;    9;   14.4;  55.0;eor
       5100;2024100518;    9;   10.6;  73.0;eor
       5100;2024100606;    9;    4.8;  97.0;eor
       5100;2024100612;    9;   13.9;  64.0;eor
       5100;2024100618;    9;   13.0;  74.0;eor
       5100;2024100706;    9;   13.8;  96.0;eor
       5100;2024100712;    9;   18.4;  71.0;eor
       5100;2024100718;    9;   14.9;  92.0;eor
       5100;2024100806;    9;   15.7;  90.0;eor
       5100;2024100812;    9;   16.0;  80.0;eor
       5100;2024100818;    9;   14.2;  85.0;eor
       5100;2024100906;    9;   12.7;  93.0;eor
       5100;2024100912;    9;   14.1;  88.0;eor
       5100;2024100918;    9;   15.3;  88.0;eor
       5100;2024101006;    9;   11.9;  94.0;eor
       5100;2024101012;    9;   13.6;  89.0;eor
       5100;2024101018;    9;   12.3;  91.0;eor
       5100;2024101106;    9;    8.1;  92.0;eor
       5100;2024101112;    9;   10.6;  72.0;eor
       5100;2024101118;    9;    8.1;  86.0;eor
       5100;2024101206;    9;    3.8;  99.0;eor
       5100;2024101212;    9;    9.1;  88.0;eor
       5100;2024101218;    9;   11.7;  83.0;eor
       5100;2024101306;    9;    8.8;  77.0;eor
       5100;2024101312;    9;   11.2;  57.0;eor
       5100;2024101318;    9;    7.2;  82.0;eor
       5100;2024101406;    9;    5.0;  97.0;eor
       5100;2024101412;    9;   11.5;  71.0;eor
       5100;2024101418;    9;   10.1;  96.0;eor
       5100;2024101506;    9;    9.5;  98.0;eor
       5100;2024101512;    9;   13.8;  79.0;eor
       5100;2024101518;    9;   10.0;  95.0;eor
       5100;2024101606;    9;   11.0;  97.0;eor
       5100;2024101612;    9;   16.0;  83.0;eor
       5100;2024101618;    9;   13.2;  94.0;eor
       5100;2024101706;    9;   16.8;  88.0;eor
       5100;2024101712;    9;   19.6;  71.0;eor
       5100;2024101718;    9;   17.4;  87.0;eor
       5100;2024101806;    9;   11.8;  99.0;eor
       5100;2024101812;    9;   13.7;  94.0;eor
       5100;2024101818;    9;   13.9;  98.0;eor
       5100;2024101906;    9;   13.5;  99.0;eor
       5100;2024101912;    9;   14.2;  84.0;eor
       5100;2024101918;    9;   12.4;  90.0;eor
       5100;2024102006;    9;    7.0; 100.0;eor
       5100;2024102012;    9;   14.9;  84.0;eor
       5100;2024102018;    9;   15.1;  83.0;eor
       5100;2024102106;    9;   12.9;  94.0;eor
       5100;2024102112;    9;   20.4;  64.0;eor
       5100;2024102118;    9;   18.5;  69.0;eor
       5100;2024102206;    9;   12.1;  84.0;eor
       5100;2024102212;    9;   15.4;  56.0;eor
       5100;2024102218;    9;   11.2;  78.0;eor
       5100;2024102306;    9;    5.4; 100.0;eor
       5100;2024102312;    9;   13.5;  74.0;eor
       5100;2024102318;    9;   10.1;  78.0;eor
       5100;2024102406;    9;    4.8;  99.0;eor
       5100;2024102412;    9;   11.2;  87.0;eor
       5100;2024102418;    9;   10.4;  94.0;eor
       5100;2024102506;    9;    8.6;  99.0;eor
       5100;2024102512;    9;   17.3;  72.0;eor
       5100;2024102518;    9;   16.2;  80.0;eor
       5100;2024102606;    9;    9.4;  99.0;eor
       5100;2024102612;    9;   15.7;  74.0;eor
       5100;2024102618;    9;   10.7;  87.0;eor
       5100;2024102706;    9;   10.1;  98.0;eor
       5100;2024102712;    9;   15.2;  82.0;eor
       5100;2024102718;    9;   14.2;  92.0;eor
       5100;2024102806;    9;    9.9;  99.0;eor
       5100;2024102812;    9;   14.4;  86.0;eor
       5100;2024102818;    9;   14.2;  91.0;eor
       5100;2024102906;    9;   11.2;  94.0;eor
       5100;2024102912;    9;   14.1;  76.0;eor
       5100;2024102918;    9;   11.3;  92.0;eor
       5100;2024103006;    9;    9.5;  96.0;eor
       5100;2024103012;    9;   13.0;  81.0;eor
       5100;2024103018;    9;   13.0;  88.0;eor
       5100;2024103106;    9;    7.6; 100.0;eor
       5100;2024103112;    9;   10.9;  89.0;eor
       5100;2024103118;    9;   11.3;  92.0;eor
       5100;2024110106;    9;    9.4;  86.0;eor
       5100;2024110112;    9;    9.3;  83.0;eor
       5100;2024110118;    9;    7.4;  93.0;eor
       5100;2024110206;    9;    8.1;  94.0;eor
       5100;2024110212;    9;   11.0;  80.0;eor
       5100;2024110218;    9;   10.8;  79.0;eor
       5100;2024110306;    9;    9.7;  81.0;eor
       5100;2024110312;    9;   12.0;  66.0;eor
       5100;2024110318;    9;    9.0;  83.0;eor
       5100;2024110406;    9;    3.5;  99.0;eor
       5100;2024110412;    9;    6.7;  89.0;eor
       5100;2024110418;    9;    6.5;  86.0;eor
       5100;2024110506;    9;    3.6;  99.0;eor
       5100;2024110512;    9;    5.7;  94.0;eor
       5100;2024110518;    9;    7.0;  98.0;eor
       5100;2024110606;    9;    6.4;  99.0;eor
       5100;2024110612;    9;    8.8;  92.0;eor
       5100;2024110618;    9;    9.3;  96.0;eor
       5100;2024110706;    9;    6.3;  89.0;eor
       5100;2024110712;    9;    6.9;  80.0;eor
       5100;2024110718;    9;    4.3;  85.0;eor
       5100;2024110806;    9;    4.4;  87.0;eor
       5100;2024110812;    9;    6.5;  83.0;eor
       5100;2024110818;    9;    6.1;  86.0;eor
       5100;2024110906;    9;    5.5;  94.0;eor
       5100;2024110912;    9;    8.7;  85.0;eor
       5100;2024110918;    9;    9.0;  89.0;eor
       5100;2024111006;    9;    5.8;  99.0;eor
       5100;2024111012;    9;    6.4;  97.0;eor
       5100;2024111018;    9;    6.2;  98.0;eor
       5100;2024111106;    9;    6.2;  98.0;eor
       5100;2024111112;    9;    7.8;  98.0;eor
       5100;2024111118;    9;    7.0;  93.0;eor
       5100;2024111206;    9;    6.4;  98.0;eor
       5100;2024111212;    9;    6.8;  90.0;eor
       5100;2024111218;    9;    7.5;  83.0;eor
       5100;2024111306;    9;    4.6;  84.0;eor
       5100;2024111312;    9;    7.1;  75.0;eor
       5100;2024111318;    9;    5.7;  87.0;eor
       5100;2024111406;    9;    5.9;  96.0;eor
       5100;2024111412;    9;    9.0;  92.0;eor
       5100;2024111418;    9;    9.3;  92.0;eor
       5100;2024111506;    9;    6.7;  85.0;eor
       5100;2024111512;    9;    8.0;  71.0;eor
       5100;2024111518;    9;    7.2;  75.0;eor
       5100;2024111606;    9;    5.2;  78.0;eor
       5100;2024111612;    9;    4.9;  76.0;eor
       5100;2024111618;    9;    4.1;  78.0;eor
       5100;2024111706;    9;    3.7;  90.0;eor
       5100;2024111712;    9;    3.8;  95.0;eor
       5100;2024111718;    9;    5.4;  91.0;eor
       5100;2024111806;    9;    6.4;  96.0;eor
       5100;2024111812;    9;    6.0;  95.0;eor
       5100;2024111818;    9;    5.3;  96.0;eor
       5100;2024111906;    9;    9.1;  94.0;eor
       5100;2024111912;    9;    9.9;  92.0;eor
       5100;2024111918;    9;    6.8;  91.0;eor
       5100;2024112006;    9;    2.3;  89.0;eor
       5100;2024112012;    9;    3.2;  71.0;eor
       5100;2024112018;    9;    1.4;  80.0;eor
       5100;2024112106;    9;    0.2;  84.0;eor
       5100;2024112112;    9;    0.2;  78.0;eor
       5100;2024112118;    9;   -0.8;  83.0;eor
       5100;2024112206;    9;   -2.3;  87.0;eor
       5100;2024112212;    9;    0.8;  83.0;eor
       5100;2024112218;    9;    1.8;  87.0;eor
       5100;2024112306;    9;    2.2;  88.0;eor
       5100;2024112312;    9;    4.4;  67.0;eor
       5100;2024112318;    9;    5.2;  52.0;eor
       5100;2024112406;    9;   10.5;  69.0;eor
       5100;2024112412;    9;   15.7;  62.0;eor
       5100;2024112418;    9;   14.9;  65.0;eor
       5100;2024112506;    9;   15.0;  60.0;eor
       5100;2024112512;    9;   16.7;  55.0;eor
       5100;2024112518;    9;   11.9;  92.0;eor
       5100;2024112606;    9;    7.0;  94.0;eor
       5100;2024112612;    9;    8.7;  89.0;eor
       5100;2024112618;    9;    6.3;  94.0;eor
       5100;2024112706;    9;    5.8;  98.0;eor
       5100;2024112712;    9;   10.1;  80.0;eor
       5100;2024112718;    9;    9.5;  94.0;eor
       5100;2024112806;    9;    4.7;  83.0;eor
       5100;2024112812;    9;    7.9;  66.0;eor
       5100;2024112818;    9;    3.8;  81.0;eor
       5100;2024112906;    9;   -1.6;  97.0;eor
       5100;2024112912;    9;    1.7;  95.0;eor
       5100;2024112918;    9;    2.9;  84.0;eor
       5100;2024113006;    9;   -2.6;  97.0;eor
       5100;2024113012;    9;   -0.5;  98.0;eor
       5100;2024113018;    9;   -1.0; 100.0;eor
       5100;2024120106;    3;   -2.3;  98.0;eor
       5100;2024120112;    3;   -0.2;  97.0;eor
       5100;2024120118;    3;    0.6;  96.0;eor
       5100;2024120206;    3;    3.8;  99.0;eor
       5100;2024120212;    3;    8.5;  97.0;eor
       5100;2024120218;    3;    8.6;  95.0;eor
       5100;2024120306;    3;    5.0;  94.0;eor
       5100;2024120312;    3;    6.9;  71.0;eor
       5100;2024120318;    3;    4.9;  83.0;eor
       5100;2024120406;    3;   -0.1;  97.0;eor
       5100;2024120412;    3;    3.2;  89.0;eor
       5100;2024120418;    3;    3.1;  87.0;eor
       5100;2024120506;    3;    2.1;  90.0;eor
       5100;2024120512;    3;    2.8;  84.0;eor
       5100;2024120518;    3;    3.2;  93.0;eor
       5100;2024120606;    3;    6.5;  74.0;eor
       5100;2024120612;    3;    7.8;  66.0;eor
       5100;2024120618;    3;    6.1;  71.0;eor
       5100;2024120706;    3;    6.3;  86.0;eor
       5100;2024120712;    3;    7.8;  92.0;eor
       5100;2024120718;    3;    6.9;  75.0;eor
       5100;2024120806;    3;    4.4;  94.0;eor
       5100;2024120812;    3;    6.2;  83.0;eor
       5100;2024120818;    3;    4.6;  84.0;eor
       5100;2024120906;    3;    3.3;  79.0;eor
       5100;2024120912;    3;    3.4;  87.0;eor
       5100;2024120918;    3;    3.2;  78.0;eor
       5100;2024121006;    3;    3.2;  92.0;eor
       5100;2024121012;    3;    4.0;  91.0;eor
       5100;2024121018;    3;    3.8;  88.0;eor
       5100;2024121106;    3;    2.3;  86.0;eor
       5100;2024121112;    3;    2.0;  86.0;eor
       5100;2024121118;    3;    1.5;  88.0;eor
       5100;2024121206;    3;    0.0;  86.0;eor
       5100;2024121212;    3;    1.8;  77.0;eor
       5100;2024121218;    3;    0.9;  83.0;eor
       5100;2024121306;    3;    0.0;  83.0;eor
       5100;2024121312;    3;    1.4;  78.0;eor
       5100;2024121318;    3;   -0.8;  88.0;eor
       5100;2024121406;    3;   -2.9;  96.0;eor
       5100;2024121412;    3;    0.3;  87.0;eor
       5100;2024121418;    3;    0.7;  91.0;eor
       5100;2024121506;    3;    2.2;  92.0;eor
       5100;2024121512;    3;    4.3;  90.0;eor
       5100;2024121518;    3;    5.0;  96.0;eor
       5100;2024121606;    3;    6.8;  97.0;eor
       5100;2024121612;    3;    8.2;  91.0;eor
       5100;2024121618;    3;    7.1;  94.0;eor
       5100;2024121706;    3;    5.9;  98.0;eor
       5100;2024121712;    3;    6.4;  87.0;eor
       5100;2024121718;    3;    5.2;  92.0;eor
       5100;2024121806;    3;    4.9;  88.0;eor
       5100;2024121812;    3;    9.9;  65.0;eor
       5100;2024121818;    3;   10.1;  84.0;eor
       5100;2024121906;    3;   10.6;  95.0;eor
       5100;2024121912;    3;    8.6;  90.0;eor
       5100;2024121918;    3;    4.3;  81.0;eor
       5100;2024122006;    3;    2.5;  86.0;eor
       5100;2024122012;    3;    3.8;  77.0;eor
       5100;2024122018;    3;    2.0;  85.0;eor
       5100;2024122106;    3;    4.5;  94.0;eor
       5100;2024122112;    3;    6.6;  93.0;eor
       5100;2024122118;    3;    6.0;  91.0;eor
       5100;2024122206;    3;    6.1;  85.0;eor
       5100;2024122212;    3;    4.4;  73.0;eor
       5100;2024122218;    3;    2.0;  83.0;eor
       5100;2024122306;    3;    0.9;  97.0;eor
       5100;2024122312;    3;    4.9;  75.0;eor
       5100;2024122318;    3;    3.5;  83.0;eor
       5100;2024122406;    3;    2.9;  91.0;eor
       5100;2024122412;    3;    3.2;  85.0;eor
       5100;2024122418;    3;    3.1;  98.0;eor
       5100;2024122506;    3;    3.7;  99.0;eor
       5100;2024122512;    3;    5.2;  95.0;eor
       5100;2024122518;    3;    5.2;  98.0;eor
       5100;2024122606;    3;    3.0;  97.0;eor
       5100;2024122612;    3;    4.8;  83.0;eor
       5100;2024122618;    3;    4.1;  86.0;eor
       5100;2024122706;    3;   -0.5;  89.0;eor
       5100;2024122712;    3;    3.3;  73.0;eor
       5100;2024122718;    3;    0.3;  89.0;eor
       5100;2024122806;    3;   -4.2;  97.0;eor
       5100;2024122812;    3;   -1.4;  96.0;eor
       5100;2024122818;    3;   -1.6;  98.0;eor
       5100;2024122906;    3;   -2.0;  99.0;eor
       5100;2024122912;    3;   -2.3;  96.0;eor
       5100;2024122918;    3;   -2.2;  96.0;eor
       5100;2024123006;    3;   -2.7;  97.0;eor
       5100;2024123012;    3;   -2.0;  97.0;eor
       5100;2024123018;    3;   -2.0;  99.0;eor
       5100;2024123106;    3;   -2.4;  97.0;eor
       5100;2024123112;    3;   -2.0;  98.0;eor
       5100;2024123118;    3;   -1.2;  94.0;eor
       5100;2025010100;    3;   -0.2;  99.0;eor
       5100;2025010106;    3;    1.1;  92.0;eor
       5100;2025010112;    3;    2.2;  82.0;eor
       5100;2025010118;    3;    5.3;  71.0;eor
       5100;2025010200;    3;    6.9;  77.0;eor
       5100;2025010206;    3;    5.0;  93.0;eor
       5100;2025010212;    3;    0.3;  97.0;eor
       5100;2025010218;    3;    1.0;  94.0;eor
       5100;2025010300;    3;    0.3;  96.0;eor
       5100;2025010306;    3;   -0.6;  95.0;eor
       5100;2025010312;    3;    0.6;  77.0;eor
       5100;2025010318;    3;   -0.7;  78.0;eor
       5100;2025010400;    3;   -0.4;  84.0;eor
       5100;2025010406;    3;   -1.9;  92.0;eor
       5100;2025010412;    3;   -0.9;  86.0;eor
       5100;2025010418;    3;   -1.0;  93.0;eor
       5100;2025010500;    3;   -0.9;  89.0;eor
       5100;2025010506;    3;   -0.1;  98.0;eor
       5100;2025010512;    3;    9.0;  97.0;eor
       5100;2025010518;    3;    9.7;  87.0;eor
       5100;2025010600;    3;   10.7;  74.0;eor
       5100;2025010606;    3;   10.0;  79.0;eor
       5100;2025010612;    3;   13.5;  60.0;eor
       5100;2025010618;    3;    6.8;  73.0;eor
       5100;2025010700;    3;    5.8;  74.0;eor
       5100;2025010706;    3;    4.4;  73.0;eor
       5100;2025010712;    3;    3.8;  76.0;eor
       5100;2025010718;    3;    4.5;  69.0;eor
       5100;2025010800;    3;    3.0;  82.0;eor
       5100;2025010806;    3;    2.4;  90.0;eor
       5100;2025010812;    3;    3.8;  84.0;eor
       5100;2025010818;    3;    0.1;  97.0;eor
       5100;2025010900;    3;   10.2;  85.0;eor
       5100;2025010906;    3;    9.0;  93.0;eor
       5100;2025010912;    3;    2.2;  90.0;eor
       5100;2025010918;    3;    1.2;  84.0;eor
       5100;2025011000;    3;    0.7;  86.0;eor
       5100;2025011006;    3;   -0.1;  88.0;eor
       5100;2025011012;    3;    1.3;  82.0;eor
       5100;2025011018;    3;    0.6;  81.0;eor
       5100;2025011100;    3;   -2.4;  97.0;eor
       5100;2025011106;    3;   -2.7;  92.0;eor
       5100;2025011112;    3;    0.0;  86.0;eor
       5100;2025011118;    3;    0.4;  81.0;eor
       5100;2025011200;    3;   -0.3;  87.0;eor
       5100;2025011206;    3;   -0.5;  91.0;eor
       5100;2025011212;    3;    2.3;  68.0;eor
       5100;2025011218;    3;    1.1;  70.0;eor
       5100;2025011300;    3;    0.0;  77.0;eor
       5100;2025011306;    3;   -4.0;  94.0;eor
       5100;2025011312;    3;    0.0;  73.0;eor
       5100;2025011318;    3;   -1.8;  74.0;eor
       5100;2025011400;    3;   -5.0;  90.0;eor
       5100;2025011406;    3;   -7.0;  94.0;eor
       5100;2025011412;    3;   -0.9;  72.0;eor
       5100;2025011418;    3;   -0.4;  76.0;eor
       5100;2025011500;    3;    0.0;  76.0;eor
       5100;2025011506;    3;   -0.2;  93.0;eor
       5100;2025011512;    3;    2.8;  92.0;eor
       5100;2025011518;    3;    2.8;  92.0;eor
       5100;2025011600;    3;    2.5;  95.0;eor
       5100;2025011606;    3;    2.1;  90.0;eor
       5100;2025011612;    3;    3.6;  79.0;eor
       5100;2025011618;    3;    2.4;  83.0;eor
       5100;2025011700;    3;    0.1;  94.0;eor
       5100;2025011706;    3;   -1.1;  98.0;eor
       5100;2025011712;    3;   -0.4;  98.0;eor
       5100;2025011718;    3;   -0.2;  92.0;eor
       5100;2025011800;    3;   -1.1;  92.0;eor
       5100;2025011806;    3;   -1.1;  87.0;eor
       5100;2025011812;    3;    0.5;  83.0;eor
       5100;2025011818;    3;    0.2;  86.0;eor
       5100;2025011900;    1;   -1.3;  90.0;eor
       5100;2025011906;    1;   -2.6;  97.0;eor
       5100;2025011912;    1;   -2.3;  97.0;eor
       5100;2025011918;    1;   -2.0;  97.0;eor
       5100;2025012000;    1;   -1.8;  97.0;eor
       5100;2025012006;    1;   -1.8;  97.0;eor
       5100;2025012012;    1;   -1.3;  94.0;eor
       5100;2025012018;    1;   -1.4;  97.0;eor
       5100;2025012100;    1;   -1.7;  97.0;eor
       5100;2025012106;    1;   -2.6;  98.0;eor
       5100;2025012112;    1;   -1.7;  97.0;eor
       5100;2025012118;    1;   -1.9;  97.0;eor
       5100;2025012200;    1;   -3.3;  96.0;eor
       5100;2025012206;    1;   -3.3;  96.0;eor
       5100;2025012212;    1;   -0.2;  96.0;eor
       5100;2025012218;    1;    1.8;  93.0;eor
       5100;2025012300;    1;    6.7;  96.0;eor
       5100;2025012306;    1;    3.4;  88.0;eor
       5100;2025012312;    1;    3.4;  74.0;eor
       5100;2025012318;    1;    4.5;  77.0;eor
       5100;2025012400;    1;    4.8;  92.0;eor
       5100;2025012406;    1;    6.0;  80.0;eor
       5100;2025012412;    1;    7.4;  67.0;eor
       5100;2025012418;    1;    9.0;  82.0;eor
       5100;2025012500;    1;    9.9;  65.0;eor
       5100;2025012506;    1;    9.6;  73.0;eor
       5100;2025012512;    1;   12.3;  69.0;eor
       5100;2025012518;    1;    9.0; 100.0;eor
       5100;2025012600;    1;    8.5;  92.0;eor
       5100;2025012606;    1;    4.2;  89.0;eor
       5100;2025012612;    1;    3.2;  87.0;eor
       5100;2025012618;    1;    5.0;  73.0;eor
       5100;2025012700;    1;    8.6;  70.0;eor
       5100;2025012706;    1;   10.5;  81.0;eor
       5100;2025012712;    1;   10.3;  75.0;eor
       5100;2025012718;    1;    6.7;  87.0;eor
       5100;2025012800;    1;    7.6;  77.0;eor
       5100;2025012806;    1;    6.7;  78.0;eor
       5100;2025012812;    1;    8.2;  67.0;eor
       5100;2025012818;    1;    6.4;  90.0;eor
       5100;2025012900;    1;    6.4;  95.0;eor
       5100;2025012906;    1;    6.1;  84.0;eor
       5100;2025012912;    1;    7.1;  81.0;eor
       5100;2025012918;    1;    6.4;  81.0;eor
       5100;2025013000;    1;    5.8;  88.0;eor
       5100;2025013006;    1;    5.1;  93.0;eor
       5100;2025013012;    1;    8.7;  78.0;eor
       5100;2025013018;    1;    4.8;  87.0;eor
       5100;2025013100;    1;    1.9;  93.0;eor
       5100;2025013106;    1;   -0.1;  96.0;eor
       5100;2025013112;    1;    4.6;  73.0;eor
       5100;2025013118;    1;    1.7;  82.0;eor
       5100;2025020100;    1;   -1.1;  96.0;eor
       5100;2025020106;    1;   -3.0;  98.0;eor
       5100;2025020112;    1;    2.9;  74.0;eor
       5100;2025020118;    1;    1.7;  73.0;eor
       5100;2025020200;    1;   -1.7;  87.0;eor
       5100;2025020206;    1;   -3.7;  93.0;eor
       5100;2025020212;    1;    2.1;  68.0;eor
       5100;2025020218;    1;    1.3;  80.0;eor
       5100;2025020300;    1;   -2.0;  93.0;eor
       5100;2025020306;    1;   -4.1;  96.0;eor
       5100;2025020312;    1;   -1.8;  97.0;eor
       5100;2025020318;    1;   -0.2;  93.0;eor
       5100;2025020400;    1;   -2.0;  98.0;eor
       5100;2025020406;    1;   -3.0;  92.0;eor
       5100;2025020412;    1;   -2.3;  88.0;eor
       5100;2025020418;    1;   -2.0;  90.0;eor
       5100;2025020500;    1;   -2.7;  93.0;eor
       5100;2025020506;    1;   -2.3;  96.0;eor
       5100;2025020512;    1;    1.2;  85.0;eor
       5100;2025020518;    1;    2.2;  94.0;eor
       5100;2025020600;    1;    2.1;  91.0;eor
       5100;2025020606;    1;    1.2;  91.0;eor
       5100;2025020612;    1;    3.8;  73.0;eor
       5100;2025020618;    1;    2.9;  75.0;eor
       5100;2025020700;    1;    2.7;  74.0;eor
       5100;2025020706;    1;    2.7;  72.0;eor
       5100;2025020712;    1;    4.3;  65.0;eor
       5100;2025020718;    1;    3.3;  70.0;eor
       5100;2025020800;    1;    2.4;  74.0;eor
       5100;2025020806;    1;    1.3;  80.0;eor
       5100;2025020812;    1;    7.2;  58.0;eor
       5100;2025020818;    1;    5.9;  63.0;eor
       5100;2025020900;    1;    1.5;  81.0;eor
       5100;2025020906;    1;   -0.1;  89.0;eor
       5100;2025020912;    1;    3.7;  78.0;eor
       5100;2025020918;    1;    4.1;  77.0;eor
       5100;2025021000;    1;    1.8;  86.0;eor
       5100;2025021006;    1;    0.1;  93.0;eor
       5100;2025021012;    1;    2.8;  91.0;eor
       5100;2025021018;    1;    4.7;  87.0;eor
       5100;2025021100;    1;    5.6;  87.0;eor
       5100;2025021106;    1;    3.7;  82.0;eor
       5100;2025021112;    1;    4.3;  78.0;eor
       5100;2025021118;    1;    2.5;  83.0;eor
       5100;2025021200;    1;    0.6;  91.0;eor
       5100;2025021206;    1;   -1.3;  96.0;eor
       5100;2025021212;    1;    2.2;  88.0;eor
       5100;2025021218;    1;    3.8;  78.0;eor
       5100;2025021300;    1;   -0.3;  91.0;eor
       5100;2025021306;    1;    0.1;  94.0;eor
       5100;2025021312;    1;    3.6;  80.0;eor
       5100;2025021318;    1;    1.6;  77.0;eor
       5100;2025021400;    1;   -1.0;  71.0;eor
       5100;2025021406;    1;   -1.9;  77.0;eor
       5100;2025021412;    1;    1.7;  72.0;eor
       5100;2025021418;    1;    0.4;  79.0;eor
       5100;2025021500;    1;    0.3;  64.0;eor
       5100;2025021506;    1;   -0.4;  69.0;eor
       5100;2025021512;    1;    1.3;  65.0;eor
       5100;2025021518;    1;   -0.1;  72.0;eor
       5100;2025021600;    1;   -0.6;  75.0;eor
       5100;2025021606;    1;   -1.5;  85.0;eor
       5100;2025021612;    1;    0.3;  71.0;eor
       5100;2025021618;    1;    0.7;  67.0;eor
       5100;2025021700;    1;   -2.3;  76.0;eor
       5100;2025021706;    1;   -4.3;  81.0;eor
       5100;2025021712;    1;    2.3;  57.0;eor
       5100;2025021718;    1;   -0.1;  63.0;eor
       5100;2025021800;    1;   -3.0;  74.0;eor
       5100;2025021806;    1;   -5.4;  84.0;eor
       5100;2025021812;    1;    2.0;  51.0;eor
       5100;2025021818;    1;    0.1;  61.0;eor
       5100;2025021900;    1;   -1.8;  67.0;eor
       5100;2025021906;    1;   -3.2;  66.0;eor
       5100;2025021912;    1;    2.4;  50.0;eor
       5100;2025021918;    1;    2.2;  66.0;eor
       5100;2025022000;    1;   -0.2;  76.0;eor
       5100;2025022006;    1;    0.2;  79.0;eor
       5100;2025022012;    1;    7.2;  70.0;eor
       5100;2025022018;    1;   10.2;  80.0;eor
       5100;2025022100;    1;    8.7;  96.0;eor
       5100;2025022106;    1;    7.6;  98.0;eor
       5100;2025022112;    1;   15.2;  66.0;eor
       5100;2025022118;    1;   12.5;  69.0;eor
       5100;2025022200;    1;   10.9;  68.0;eor
       5100;2025022206;    1;    9.9;  71.0;eor
       5100;2025022212;    1;   10.9;  81.0;eor
       5100;2025022218;    1;   10.8;  81.0;eor
       5100;2025022300;    1;    8.3;  88.0;eor
       5100;2025022306;    1;    6.9;  92.0;eor
       5100;2025022312;    1;   11.1;  71.0;eor
       5100;2025022318;    1;   10.2;  70.0;eor
       5100;2025022400;    1;    8.6;  78.0;eor
       5100;2025022406;    1;    7.8;  83.0;eor
       5100;2025022412;    1;   11.4;  70.0;eor
       5100;2025022418;    1;   10.0;  86.0;eor
       5100;2025022500;    1;    8.4;  96.0;eor
       5100;2025022506;    1;    4.8;  99.0;eor
       5100;2025022512;    1;    7.8;  93.0;eor
       5100;2025022518;    1;    7.3;  97.0;eor
       5100;2025022600;    1;    6.1;  95.0;eor
       5100;2025022606;    1;    4.7;  86.0;eor
       5100;2025022612;    1;    8.6;  68.0;eor
       5100;2025022618;    1;    5.8;  71.0;eor
       5100;2025022700;    1;    4.5;  88.0;eor
       5100;2025022706;    1;    3.9;  96.0;eor
       5100;2025022712;    1;    8.6;  62.0;eor
       5100;2025022718;    1;    3.9;  89.0;eor
       5100;2025022800;    1;    3.9;  88.0;eor
       5100;2025022806;    1;    3.6;  85.0;eor
       5100;2025022812;    1;    5.5;  74.0;eor
       5100;2025022818;    1;    3.6;  88.0;eor
       5100;2025030100;    1;    1.1;  94.0;eor
       5100;2025030106;    1;    1.6;  89.0;eor
       5100;2025030112;    1;    4.3;  78.0;eor
       5100;2025030118;    1;    5.0;  67.0;eor
       5100;2025030200;    1;    2.8;  81.0;eor
       5100;2025030206;    1;    0.8;  82.0;eor
       5100;2025030212;    1;    8.2;  50.0;eor
       5100;2025030218;    1;    6.1;  57.0;eor
       5100;2025030300;    1;    1.0;  80.0;eor
       5100;2025030306;    1;   -2.4;  93.0;eor
       5100;2025030312;    1;    9.0;  43.0;eor
       5100;2025030318;    1;    9.6;  40.0;eor
       5100;2025030400;    1;    2.8;  70.0;eor
       5100;2025030406;    1;   -1.3;  88.0;eor
       5100;2025030412;    1;   10.6;  45.0;eor
       5100;2025030418;    1;   11.6;  41.0;eor
       5100;2025030500;    1;    2.1;  73.0;eor
       5100;2025030506;    1;   -1.9;  85.0;eor
       5100;2025030512;    1;   11.6;  40.0;eor
       5100;2025030518;    1;   11.1;  49.0;eor
       5100;2025030600;    1;    3.2;  75.0;eor
       5100;2025030606;    1;   -0.5;  90.0;eor
       5100;2025030612;    1;   14.4;  42.0;eor
       5100;2025030618;    1;   13.2;  44.0;eor
       5100;2025030700;    1;    7.3;  66.0;eor
       5100;2025030706;    1;    2.2;  86.0;eor
       5100;2025030712;    1;   15.5;  41.0;eor
       5100;2025030718;    1;   14.3;  41.0;eor
       5100;2025030800;    1;    6.5;  71.0;eor
       5100;2025030806;    1;    2.1;  87.0;eor
       5100;2025030812;    1;   15.4;  44.0;eor
       5100;2025030818;    1;   14.0;  43.0;eor
       5100;2025030900;    1;    7.4;  63.0;eor
       5100;2025030906;    1;    2.2;  85.0;eor
       5100;2025030912;    1;   15.8;  40.0;eor
       5100;2025030918;    1;   15.0;  38.0;eor
       5100;2025031000;    1;    8.1;  60.0;eor
       5100;2025031006;    1;    5.0;  72.0;eor
       5100;2025031012;    1;   12.3;  56.0;eor
       5100;2025031018;    1;   10.6;  78.0;eor
       5100;2025031100;    1;    8.5;  92.0;eor
       5100;2025031106;    1;    6.9;  98.0;eor
       5100;2025031112;    1;   11.9;  70.0;eor
       5100;2025031118;    1;    8.0;  79.0;eor
       5100;2025031200;    1;    5.2;  85.0;eor
       5100;2025031206;    1;    3.4;  79.0;eor
       5100;2025031212;    1;    4.9;  70.0;eor
       5100;2025031218;    1;    4.6;  60.0;eor
       5100;2025031300;    1;    0.8;  84.0;eor
       5100;2025031306;    1;   -0.3;  88.0;eor
       5100;2025031312;    1;    4.2;  77.0;eor
       5100;2025031318;    1;    2.9;  91.0;eor
       5100;2025031400;    1;    1.8;  97.0;eor
       5100;2025031406;    1;    0.1;  98.0;eor
       5100;2025031412;    1;    5.2;  69.0;eor
       5100;2025031418;    1;    4.0;  71.0;eor
       5100;2025031500;    1;    3.2;  68.0;eor
       5100;2025031506;    1;    1.7;  74.0;eor
       5100;2025031512;    1;    6.6;  57.0;eor
       5100;2025031518;    1;    5.8;  58.0;eor
       5100;2025031600;    1;    4.6;  71.0;eor
       5100;2025031606;    1;    1.9;  80.0;eor
       5100;2025031612;    1;    9.2;  46.0;eor
       5100;2025031618;    1;    7.7;  46.0;eor
       5100;2025031700;    1;    2.6;  64.0;eor
       5100;2025031706;    1;   -0.9;  78.0;eor
       5100;2025031712;    1;    6.8;  54.0;eor
       5100;2025031718;    1;    6.1;  38.0;eor
       5100;2025031800;    1;    1.7;  49.0;eor
       5100;2025031806;    1;   -0.5;  54.0;eor
       5100;2025031812;    1;    9.5;  27.0;eor
       5100;2025031818;    1;    7.8;  31.0;eor
       5100;2025031900;    1;    3.9;  41.0;eor
       5100;2025031906;    1;   -1.8;  67.0;eor
       5100;2025031912;    1;   13.0;  37.0;eor
       5100;2025031918;    1;   13.0;  40.0;eor
       5100;2025032000;    1;    8.1;  57.0;eor
       5100;2025032006;    1;    1.7;  83.0;eor
       5100;2025032012;    1;   16.2;  49.0;eor
       5100;2025032018;    1;   15.6;  41.0;eor
       5100;2025032100;    1;   11.1;  63.0;eor
       5100;2025032106;    1;    5.7;  81.0;eor
       5100;2025032112;    1;   20.5;  34.0;eor
       5100;2025032118;    1;   18.6;  36.0;eor
       5100;2025032200;    1;   16.5;  39.0;eor
       5100;2025032206;    1;   10.6;  77.0;eor
       5100;2025032212;    1;   16.9;  53.0;eor
       5100;2025032218;    1;   15.1;  57.0;eor
       5100;2025032300;    1;   10.0;  97.0;eor
       5100;2025032306;    1;    9.3;  99.0;eor
       5100;2025032312;    1;   13.7;  65.0;eor
       5100;2025032318;    1;   13.1;  62.0;eor
       5100;2025032400;    1;    8.1;  86.0;eor
       5100;2025032406;    1;    6.1;  95.0;eor
       5100;2025032412;    1;   15.2;  58.0;eor
       5100;2025032418;    1;   13.8;  55.0;eor
       5100;2025032500;    1;    9.5;  79.0;eor
       5100;2025032506;    1;    5.2;  96.0;eor
       5100;2025032512;    1;   12.7;  69.0;eor
       5100;2025032518;    1;   12.7;  53.0;eor
       5100;2025032600;    1;    7.7;  74.0;eor
       5100;2025032606;    1;    7.5;  97.0;eor
       5100;2025032612;    1;    8.8;  68.0;eor
       5100;2025032618;    1;    8.7;  67.0;eor
       5100;2025032700;    1;    6.5;  72.0;eor
       5100;2025032706;    1;    2.1;  92.0;eor
       5100;2025032712;    1;   13.7;  53.0;eor
       5100;2025032718;    1;   13.7;  48.0;eor
       5100;2025032800;    1;    5.8;  72.0;eor
       5100;2025032806;    1;    1.4;  91.0;eor
       5100;2025032812;    1;   14.2;  46.0;eor
       5100;2025032818;    1;   14.2;  44.0;eor
       5100;2025032900;    1;    7.3;  80.0;eor
       5100;2025032906;    1;    7.6;  71.0;eor
       5100;2025032912;    1;   13.1;  41.0;eor
       5100;2025032918;    1;   11.2;  42.0;eor
       5100;2025033000;    1;    3.7;  73.0;eor
       5100;2025033006;    1;    3.9;  77.0;eor
       5100;2025033012;    1;    9.2;  75.0;eor
       5100;2025033018;    1;   11.1;  49.0;eor
       5100;2025033100;    1;    8.2;  64.0;eor
       5100;2025033106;    1;    6.1;  68.0;eor
       5100;2025033112;    1;   10.9;  48.0;eor
       5100;2025033118;    1;    9.9;  49.0;eor
       5100;2025040100;    1;    4.3;  72.0;eor
       5100;2025040106;    1;    2.1;  83.0;eor
       5100;2025040112;    1;    8.5;  55.0;eor
       5100;2025040118;    1;   10.0;  51.0;eor
