STATIONS_ID;MESS_DATUM;QN_4;DK_TER;FK_TER;eor
       5100;2023093006;    9;   8;   1;eor
       5100;2023093012;    9;  20;   2;eor
       5100;2023093018;    9;  12;   2;eor
       5100;2023100106;    9;   4;   1;eor
       5100;2023100112;    9;  20;   2;eor
       5100;2023100118;    9;  16;   1;eor
       5100;2023100206;    9;  24;   1;eor
       5100;2023100212;    9;  24;   2;eor
       5100;2023100218;    9;  16;   2;eor
       5100;2023100306;    9;  20;   3;eor
       5100;2023100312;    9;  20;   4;eor
       5100;2023100318;    9;  24;   3;eor
       5100;2023100406;    9;  20;   2;eor
       5100;2023100412;    9;  24;   2;eor
       5100;2023100418;    9;  20;   1;eor
       5100;2023100506;    9;  16;   2;eor
       5100;2023100512;    9;  24;   2;eor
       5100;2023100518;    9;  16;   1;eor
       5100;2023100606;    9;  12;   1;eor
       5100;2023100612;    9;  20;   3;eor
       5100;2023100618;    9;  16;   1;eor
       5100;2023100706;    9;  16;   2;eor
       5100;2023100712;    9;  20;   4;eor
       5100;2023100718;    9;  20;   3;eor
       5100;2023100806;    9;  16;   1;eor
       5100;2023100812;    9;  20;   3;eor
       5100;2023100818;    9;  20;   2;eor
       5100;2023100906;    9;  20;   3;eor
       5100;2023100912;    9;  20;   3;eor
       5100;2023100918;    9;  24;   3;eor
       5100;2023101006;    9;  32;   1;eor
       5100;2023101012;    9;  20;   2;eor
       5100;2023101018;    9;  20;   1;eor
       5100;2023101106;    9;  20;   2;eor
       5100;2023101112;    9;  20;   3;eor
       5100;2023101118;    9;  16;   2;eor
       5100;2023101206;    9;  24;   2;eor
       5100;2023101212;    9;  20;   2;eor
       5100;2023101218;    9;  20;   2;eor
       5100;2023101306;    9;  20;   3;eor
       5100;2023101312;    9;  20;   4;eor
       5100;2023101318;    9;  16;   4;eor
       5100;2023101406;    9;  28;   3;eor
       5100;2023101412;    9;  24;   3;eor
       5100;2023101418;    9;  28;   2;eor
       5100;2023101506;    9;  20;   2;eor
       5100;2023101512;    9;  28;   3;eor
       5100;2023101518;    9;  24;   1;eor
       5100;2023101606;    9;   4;   1;eor
       5100;2023101612;    9;   4;   3;eor
       5100;2023101618;    9;   4;   3;eor
       5100;2023101706;    9;   4;   4;eor
       5100;2023101712;    9;   4;   3;eor
       5100;2023101718;    9;   4;   3;eor
       5100;2023101806;    9;   4;   3;eor
       5100;2023101812;    9;   4;   1;eor
       5100;2023101818;    9;  32;   1;eor
       5100;2023101906;    9;  16;   3;eor
       5100;2023101912;    9;  16;   3;eor
       5100;2023101918;    9;  12;   2;eor
       5100;2023102006;    9;  32;   2;eor
       5100;2023102012;    9;  20;   5;eor
       5100;2023102018;    9;  16;   3;eor
       5100;2023102106;    9;  20;   5;eor
       5100;2023102112;    9;  20;   6;eor
       5100;2023102118;    9;  16;   4;eor
       5100;2023102206;    9;  16;   4;eor
       5100;2023102212;    9;  20;   4;eor
       5100;2023102218;    9;  16;   2;eor
       5100;2023102306;    9;   4;   2;eor
       5100;2023102312;    9;   4;   4;eor
       5100;2023102318;    9;   8;   2;eor
       5100;2023102406;    9;  16;   2;eor
       5100;2023102412;    9;  24;   4;eor
       5100;2023102418;    9;  20;   2;eor
       5100;2023102506;    9;  12;   2;eor
       5100;2023102512;    9;  16;   4;eor
       5100;2023102518;    9;  20;   4;eor
       5100;2023102606;    9;   4;   1;eor
       5100;2023102612;    9;  32;   1;eor
       5100;2023102618;    9;  16;   2;eor
       5100;2023102706;    9;  28;   1;eor
       5100;2023102712;    9;  20;   4;eor
       5100;2023102718;    9;  20;   2;eor
       5100;2023102806;    9;  16;   5;eor
       5100;2023102812;    9;  16;   4;eor
       5100;2023102818;    9;  16;   5;eor
       5100;2023102906;    9;  16;   5;eor
       5100;2023102912;    9;  16;   4;eor
       5100;2023102918;    9;  16;   5;eor
       5100;2023103006;    9;  20;   3;eor
       5100;2023103012;    9;  16;   2;eor
       5100;2023103018;    9;  16;   3;eor
       5100;2023103106;    9;  20;   4;eor
       5100;2023103112;    9;  20;   3;eor
       5100;2023103118;    9;  20;   3;eor
       5100;2023110106;    9;  16;   4;eor
       5100;2023110112;    9;  16;   4;eor
       5100;2023110118;    9;  20;   4;eor
       5100;2023110206;    9;  16;   6;eor
       5100;2023110212;    9;  16;   6;eor
       5100;2023110218;    9;  16;   5;eor
       5100;2023110306;    9;  20;   4;eor
       5100;2023110312;    9;  20;   3;eor
       5100;2023110318;    9;  20;   3;eor
       5100;2023110406;    9;  16;   5;eor
       5100;2023110412;    9;  16;   5;eor
       5100;2023110418;    9;  16;   6;eor
       5100;2023110506;    9;  16;   6;eor
       5100;2023110512;    9;  20;   4;eor
       5100;2023110518;    9;  20;   4;eor
       5100;2023110606;    9;  20;   4;eor
       5100;2023110612;    9;  20;   3;eor
       5100;2023110618;    9;  20;   4;eor
       5100;2023110706;    9;  16;   4;eor
       5100;2023110712;    9;  20;   4;eor
       5100;2023110718;    9;  20;   4;eor
       5100;2023110806;    9;  20;   4;eor
       5100;2023110812;    9;  20;   4;eor
       5100;2023110818;    9;  16;   4;eor
       5100;2023110906;    9;  20;   4;eor
       5100;2023110912;    9;  20;   4;eor
       5100;2023110918;    9;  16;   6;eor
       5100;2023111006;    9;  20;   4;eor
       5100;2023111012;    9;  20;   5;eor
       5100;2023111018;    9;  16;   5;eor
       5100;2023111106;    9;  24;   3;eor
       5100;2023111112;    9;  20;   4;eor
       5100;2023111118;    9;  20;   2;eor
       5100;2023111206;    9;  16;   1;eor
       5100;2023111212;    9;  24;   1;eor
       5100;2023111218;    9;  16;   2;eor
       5100;2023111306;    9;  20;   3;eor
       5100;2023111312;    9;  20;   5;eor
       5100;2023111318;    9;  24;   5;eor
       5100;2023111406;    9;  20;   4;eor
       5100;2023111412;    9;  20;   5;eor
       5100;2023111418;    9;  20;   4;eor
       5100;2023111506;    9;  20;   4;eor
       5100;2023111512;    9;  24;   4;eor
       5100;2023111518;    9;  20;   4;eor
       5100;2023111606;    9;  20;   2;eor
       5100;2023111612;    9;   8;   2;eor
       5100;2023111618;    9;   4;   4;eor
       5100;2023111706;    9;  20;   2;eor
       5100;2023111712;    9;  20;   3;eor
       5100;2023111718;    9;  20;   2;eor
       5100;2023111806;    9;  20;   1;eor
       5100;2023111812;    9;  20;   2;eor
       5100;2023111818;    9;  16;   5;eor
       5100;2023111906;    9;  20;   4;eor
       5100;2023111912;    9;  20;   4;eor
       5100;2023111918;    9;  20;   4;eor
       5100;2023112006;    9;  20;   4;eor
       5100;2023112012;    9;  20;   4;eor
       5100;2023112018;    9;  20;   4;eor
       5100;2023112106;    9;   4;   2;eor
       5100;2023112112;    9;   4;   2;eor
       5100;2023112118;    9;   4;   2;eor
       5100;2023112206;    9;   4;   2;eor
       5100;2023112212;    9;   4;   2;eor
       5100;2023112218;    9;  16;   1;eor
       5100;2023112306;    9;  20;   3;eor
       5100;2023112312;    9;  20;   3;eor
       5100;2023112318;    9;  20;   4;eor
       5100;2023112406;    9;  24;   3;eor
       5100;2023112412;    9;  24;   3;eor
       5100;2023112418;    9;  28;   2;eor
       5100;2023112506;    9;  20;   2;eor
       5100;2023112512;    9;  24;   2;eor
       5100;2023112518;    9;  24;   2;eor
       5100;2023112606;    9;  20;   2;eor
       5100;2023112612;    9;  20;   3;eor
       5100;2023112618;    9;  20;   3;eor
       5100;2023112706;    9;  16;   4;eor
       5100;2023112712;    9;  20;   5;eor
       5100;2023112718;    9;  20;   4;eor
       5100;2023112806;    9;  32;   3;eor
       5100;2023112812;    9;  32;   2;eor
       5100;2023112818;    9;  24;   2;eor
       5100;2023112906;    9;  20;   3;eor
       5100;2023112912;    9;  20;   4;eor
       5100;2023112918;    9;  16;   2;eor
       5100;2023113006;    9;  16;   1;eor
       5100;2023113012;    9;   4;   1;eor
       5100;2023113018;    9;   8;   2;eor
       5100;2023120106;    9;   4;   3;eor
       5100;2023120112;    9;   4;   3;eor
       5100;2023120118;    9;   4;   3;eor
       5100;2023120206;    9;   4;   4;eor
       5100;2023120212;    9;   4;   1;eor
       5100;2023120218;    9;  16;   1;eor
       5100;2023120306;    9;  16;   1;eor
       5100;2023120312;    9;  20;   3;eor
       5100;2023120318;    9;  16;   3;eor
       5100;2023120406;    9;   4;   2;eor
       5100;2023120412;    9;  16;   3;eor
       5100;2023120418;    9;  16;   4;eor
       5100;2023120506;    9;  16;   5;eor
       5100;2023120512;    9;  20;   5;eor
       5100;2023120518;    9;  20;   3;eor
       5100;2023120606;    9;  24;   2;eor
       5100;2023120612;    9;  24;   2;eor
       5100;2023120618;    9;  20;   2;eor
       5100;2023120706;    9;  16;   2;eor
       5100;2023120712;    9;  32;   2;eor
       5100;2023120718;    9;   4;   2;eor
       5100;2023120806;    9;  20;   2;eor
       5100;2023120812;    9;  20;   2;eor
       5100;2023120818;    9;  20;   2;eor
       5100;2023120906;    9;  16;   2;eor
       5100;2023120912;    9;  16;   5;eor
       5100;2023120918;    9;  20;   3;eor
       5100;2023121006;    9;  20;   4;eor
       5100;2023121012;    9;  20;   4;eor
       5100;2023121018;    9;  16;   5;eor
       5100;2023121106;    9;  20;   5;eor
       5100;2023121112;    9;  24;   4;eor
       5100;2023121118;    9;  20;   3;eor
       5100;2023121206;    9;   4;   1;eor
       5100;2023121212;    9;  20;   1;eor
       5100;2023121218;    9;  20;   3;eor
       5100;2023121306;    9;  20;   3;eor
       5100;2023121312;    9;  20;   2;eor
       5100;2023121318;    9;  20;   2;eor
       5100;2023121406;    9;  20;   1;eor
       5100;2023121412;    9;  28;   2;eor
       5100;2023121418;    9;  28;   2;eor
       5100;2023121506;    9;  20;   2;eor
       5100;2023121512;    9;  20;   2;eor
       5100;2023121518;    9;  20;   2;eor
       5100;2023121606;    9;  20;   1;eor
       5100;2023121612;    9;  20;   2;eor
       5100;2023121618;    9;  20;   2;eor
       5100;2023121706;    9;  20;   1;eor
       5100;2023121712;    9;  20;   1;eor
       5100;2023121718;    9;  20;   2;eor
       5100;2023121806;    9;  20;   2;eor
       5100;2023121812;    9;  20;   2;eor
       5100;2023121818;    9;  16;   3;eor
       5100;2023121906;    9;  20;   4;eor
       5100;2023121912;    9;  20;   4;eor
       5100;2023121918;    9;  20;   5;eor
       5100;2023122006;    9;  20;   2;eor
       5100;2023122012;    9;  20;   4;eor
       5100;2023122018;    9;  20;   4;eor
       5100;2023122106;    9;  20;   5;eor
       5100;2023122112;    9;  20;   5;eor
       5100;2023122118;    9;  24;   4;eor
       5100;2023122206;    9;  24;   4;eor
       5100;2023122212;    9;  20;   4;eor
       5100;2023122218;    9;  24;   4;eor
       5100;2023122306;    9;  24;   5;eor
       5100;2023122312;    9;  24;   5;eor
       5100;2023122318;    9;  20;   4;eor
       5100;2023122406;    9;  20;   4;eor
       5100;2023122412;    9;  20;   5;eor
       5100;2023122418;    9;  20;   5;eor
       5100;2023122506;    9;  20;   5;eor
       5100;2023122512;    9;  20;   5;eor
       5100;2023122518;    9;  20;   5;eor
       5100;2023122606;    9;  20;   5;eor
       5100;2023122612;    9;  20;   4;eor
       5100;2023122618;    9;  20;   3;eor
       5100;2023122706;    9;  20;   3;eor
       5100;2023122712;    9;  20;   3;eor
       5100;2023122718;    9;  20;   2;eor
       5100;2023122806;    9;  20;   5;eor
       5100;2023122812;    9;  20;   4;eor
       5100;2023122818;    9;  20;   5;eor
       5100;2023122906;    9;  20;   5;eor
       5100;2023122912;    9;  20;   5;eor
       5100;2023122918;    9;  20;   5;eor
       5100;2023123006;    9;  20;   4;eor
       5100;2023123012;    9;  20;   4;eor
       5100;2023123018;    9;  20;   2;eor
       5100;2023123106;    9;  16;   5;eor
       5100;2023123112;    9;  20;   5;eor
       5100;2023123118;    9;  20;   5;eor
       5100;2024010106;    9;  20;   5;eor
       5100;2024010112;    9;  20;   4;eor
       5100;2024010118;    9;  20;   4;eor
       5100;2024010206;    9;  20;   6;eor
       5100;2024010212;    9;  20;   6;eor
       5100;2024010218;    9;  20;   6;eor
       5100;2024010306;    9;  20;   5;eor
       5100;2024010312;    9;  20;   5;eor
       5100;2024010318;    9;  24;   5;eor
       5100;2024010406;    9;  20;   4;eor
       5100;2024010412;    9;  20;   4;eor
       5100;2024010418;    9;  16;   2;eor
       5100;2024010506;    9;  16;   4;eor
       5100;2024010512;    9;  20;   5;eor
       5100;2024010518;    9;  20;   3;eor
       5100;2024010606;    9;  20;   2;eor
       5100;2024010612;    9;  24;   2;eor
       5100;2024010618;    9;  32;   2;eor
       5100;2024010706;    9;   4;   3;eor
       5100;2024010712;    9;   4;   4;eor
       5100;2024010718;    9;   4;   4;eor
       5100;2024010806;    9;   4;   4;eor
       5100;2024010812;    9;   4;   4;eor
       5100;2024010818;    9;   4;   3;eor
       5100;2024010906;    9;   4;   4;eor
       5100;2024010912;    9;   4;   3;eor
       5100;2024010918;    9;   4;   3;eor
       5100;2024011006;    9;   4;   3;eor
       5100;2024011012;    9;   4;   3;eor
       5100;2024011018;    9;   4;   3;eor
       5100;2024011106;    9;   4;   2;eor
       5100;2024011112;    9;   4;   3;eor
       5100;2024011118;    9;   4;   3;eor
       5100;2024011206;    9;   4;   3;eor
       5100;2024011212;    9;   4;   2;eor
       5100;2024011218;    9;   4;   2;eor
       5100;2024011306;    9;  20;   1;eor
       5100;2024011312;    9;  20;   3;eor
       5100;2024011318;    9;  20;   3;eor
       5100;2024011406;    9;  20;   3;eor
       5100;2024011412;    9;  20;   2;eor
       5100;2024011418;    9;  20;   3;eor
       5100;2024011506;    9;  20;   3;eor
       5100;2024011512;    9;  20;   3;eor
       5100;2024011518;    9;  24;   3;eor
       5100;2024011606;    9;  16;   2;eor
       5100;2024011612;    9;  20;   2;eor
       5100;2024011618;    9;  16;   2;eor
       5100;2024011706;    9;  32;   2;eor
       5100;2024011712;    9;  32;   2;eor
       5100;2024011718;    9;  32;   2;eor
       5100;2024011806;    9;   4;   4;eor
       5100;2024011812;    9;   4;   2;eor
       5100;2024011818;    9;  24;   1;eor
       5100;2024011906;    9;  16;   1;eor
       5100;2024011912;    9;  20;   1;eor
       5100;2024011918;    9;  20;   2;eor
       5100;2024012006;    9;   8;   1;eor
       5100;2024012012;    9;  16;   1;eor
       5100;2024012018;    9;   4;   1;eor
       5100;2024012106;    9;  24;   1;eor
       5100;2024012112;    9;  20;   3;eor
       5100;2024012118;    9;  20;   3;eor
       5100;2024012206;    9;  20;   6;eor
       5100;2024012212;    9;  20;   5;eor
       5100;2024012218;    9;  20;   4;eor
       5100;2024012306;    9;  24;   4;eor
       5100;2024012312;    9;  20;   4;eor
       5100;2024012318;    9;  16;   6;eor
       5100;2024012406;    9;  20;   6;eor
       5100;2024012412;    9;  24;   4;eor
       5100;2024012418;    9;  20;   4;eor
       5100;2024012506;    9;  20;   2;eor
       5100;2024012512;    9;  20;   2;eor
       5100;2024012518;    9;  20;   3;eor
       5100;2024012606;    9;  16;   4;eor
       5100;2024012612;    9;  20;   4;eor
       5100;2024012618;    9;  28;   2;eor
       5100;2024012706;    9;  16;   1;eor
       5100;2024012712;    9;  32;   1;eor
       5100;2024012718;    9;   4;   2;eor
       5100;2024012806;    9;   8;   1;eor
       5100;2024012812;    9;  32;   1;eor
       5100;2024012818;    9;   4;   2;eor
       5100;2024012906;    9;  16;   1;eor
       5100;2024012912;    9;  20;   2;eor
       5100;2024012918;    9;  16;   2;eor
       5100;2024013006;    9;  20;   2;eor
       5100;2024013012;    9;  20;   3;eor
       5100;2024013018;    9;  16;   2;eor
       5100;2024013106;    9;  16;   2;eor
       5100;2024013112;    9;  24;   3;eor
       5100;2024013118;    9;  20;   3;eor
       5100;2024020106;    9;  20;   3;eor
       5100;2024020112;    9;  28;   2;eor
       5100;2024020118;    9;  32;   1;eor
       5100;2024020206;    9;  20;   2;eor
       5100;2024020212;    9;  20;   4;eor
       5100;2024020218;    9;  20;   4;eor
       5100;2024020306;    9;  20;   4;eor
       5100;2024020312;    9;  20;   4;eor
       5100;2024020318;    9;  20;   4;eor
       5100;2024020406;    9;  20;   4;eor
       5100;2024020412;    9;  20;   4;eor
       5100;2024020418;    9;  20;   4;eor
       5100;2024020506;    9;  20;   4;eor
       5100;2024020512;    9;  20;   4;eor
       5100;2024020518;    9;  20;   5;eor
       5100;2024020606;    9;  20;   5;eor
       5100;2024020612;    9;  20;   5;eor
       5100;2024020618;    9;  20;   5;eor
       5100;2024020706;    9;  20;   5;eor
       5100;2024020712;    9;  20;   5;eor
       5100;2024020718;    9;  20;   4;eor
       5100;2024020806;    9;  20;   4;eor
       5100;2024020812;    9;  20;   5;eor
       5100;2024020818;    9;  20;   5;eor
       5100;2024020906;    9;  16;   6;eor
       5100;2024020912;    9;  16;   5;eor
       5100;2024020918;    9;  16;   5;eor
       5100;2024021006;    9;  12;   2;eor
       5100;2024021012;    9;  32;   2;eor
       5100;2024021018;    9;   4;   2;eor
       5100;2024021106;    9;  20;   4;eor
       5100;2024021112;    9;  24;   2;eor
       5100;2024021118;    9;  20;   3;eor
       5100;2024021206;    9;  20;   3;eor
       5100;2024021212;    9;  24;   3;eor
       5100;2024021218;    9;  24;   2;eor
       5100;2024021306;    9;  20;   2;eor
       5100;2024021312;    9;  20;   3;eor
       5100;2024021318;    9;  20;   2;eor
       5100;2024021406;    9;  20;   3;eor
       5100;2024021412;    9;  20;   4;eor
       5100;2024021418;    9;  20;   4;eor
       5100;2024021506;    9;  20;   2;eor
       5100;2024021512;    9;  24;   2;eor
       5100;2024021518;    9;  16;   2;eor
       5100;2024021606;    9;  20;   2;eor
       5100;2024021612;    9;  20;   4;eor
       5100;2024021618;    9;  20;   3;eor
       5100;2024021706;    9;  16;   2;eor
       5100;2024021712;    9;  20;   1;eor
       5100;2024021718;    9;  16;   2;eor
       5100;2024021806;    9;  20;   2;eor
       5100;2024021812;    9;  20;   4;eor
       5100;2024021818;    9;  20;   4;eor
       5100;2024021906;    9;  28;   2;eor
       5100;2024021912;    9;  20;   3;eor
       5100;2024021918;    9;  24;   3;eor
       5100;2024022006;    9;  20;   2;eor
       5100;2024022012;    9;  20;   3;eor
       5100;2024022018;    9;  20;   3;eor
       5100;2024022106;    9;  20;   3;eor
       5100;2024022112;    9;  20;   4;eor
       5100;2024022118;    9;  16;   5;eor
       5100;2024022206;    9;  20;   4;eor
       5100;2024022212;    9;  20;   6;eor
       5100;2024022218;    9;  16;   7;eor
       5100;2024022306;    9;  20;   5;eor
       5100;2024022312;    9;  16;   5;eor
       5100;2024022318;    9;  16;   3;eor
       5100;2024022406;    9;  16;   5;eor
       5100;2024022412;    9;  16;   5;eor
       5100;2024022418;    9;  16;   2;eor
       5100;2024022506;    9;  20;   4;eor
       5100;2024022512;    9;  16;   4;eor
       5100;2024022518;    9;  12;   3;eor
       5100;2024022606;    9;  12;   3;eor
       5100;2024022612;    9;  32;   1;eor
       5100;2024022618;    9;   4;   4;eor
       5100;2024022706;    9;   4;   4;eor
       5100;2024022712;    9;   4;   3;eor
       5100;2024022718;    9;  32;   2;eor
       5100;2024022806;    9;   4;   1;eor
       5100;2024022812;    9;  28;   2;eor
       5100;2024022818;    9;  20;   2;eor
       5100;2024022906;    9;  16;   1;eor
       5100;2024022912;    9;  20;   3;eor
       5100;2024022918;    9;  16;   2;eor
       5100;2024030106;    9;  20;   3;eor
       5100;2024030112;    9;  20;   4;eor
       5100;2024030118;    9;  16;   3;eor
       5100;2024030206;    9;  16;   4;eor
       5100;2024030212;    9;  16;   4;eor
       5100;2024030218;    9;  12;   3;eor
       5100;2024030306;    9;   4;   3;eor
       5100;2024030312;    9;   4;   2;eor
       5100;2024030318;    9;  20;   2;eor
       5100;2024030406;    9;  12;   1;eor
       5100;2024030412;    9;  28;   2;eor
       5100;2024030418;    9;   4;   2;eor
       5100;2024030506;    9;  24;   2;eor
       5100;2024030512;    9;  16;   3;eor
       5100;2024030518;    9;  20;   2;eor
       5100;2024030606;    9;  32;   1;eor
       5100;2024030612;    9;  28;   1;eor
       5100;2024030618;    9;  20;   1;eor
       5100;2024030706;    9;   4;   3;eor
       5100;2024030712;    9;   4;   4;eor
       5100;2024030718;    9;   8;   3;eor
       5100;2024030806;    9;   4;   4;eor
       5100;2024030812;    9;   4;   3;eor
       5100;2024030818;    9;   8;   3;eor
       5100;2024030906;    9;   4;   2;eor
       5100;2024030912;    9;  12;   3;eor
       5100;2024030918;    9;   8;   3;eor
       5100;2024031006;    9;  32;   3;eor
       5100;2024031012;    9;  20;   2;eor
       5100;2024031018;    9;  20;   3;eor
       5100;2024031106;    9;  20;   3;eor
       5100;2024031112;    9;  20;   4;eor
       5100;2024031118;    9;  20;   3;eor
       5100;2024031206;    9;  20;   2;eor
       5100;2024031212;    9;  20;   3;eor
       5100;2024031218;    9;  16;   3;eor
       5100;2024031306;    9;  20;   2;eor
       5100;2024031312;    9;  20;   3;eor
       5100;2024031318;    9;  20;   3;eor
       5100;2024031406;    9;  24;   1;eor
       5100;2024031412;    9;  20;   3;eor
       5100;2024031418;    9;  16;   2;eor
       5100;2024031506;    9;  20;   3;eor
       5100;2024031512;    9;  20;   4;eor
       5100;2024031518;    9;  20;   4;eor
       5100;2024031606;    9;  20;   3;eor
       5100;2024031612;    9;  24;   3;eor
       5100;2024031618;    9;  32;   1;eor
       5100;2024031706;    9;   4;   2;eor
       5100;2024031712;    9;  24;   2;eor
       5100;2024031718;    9;  16;   3;eor
       5100;2024031806;    9;  16;   1;eor
       5100;2024031812;    9;  24;   2;eor
       5100;2024031818;    9;  20;   2;eor
       5100;2024031906;    9;  12;   1;eor
       5100;2024031912;    9;  32;   2;eor
       5100;2024031918;    9;  12;   1;eor
       5100;2024032006;    9;  32;   2;eor
       5100;2024032012;    9;  28;   1;eor
       5100;2024032018;    9;   4;   2;eor
       5100;2024032106;    9;  16;   1;eor
       5100;2024032112;    9;  28;   2;eor
       5100;2024032118;    9;  28;   2;eor
       5100;2024032206;    9;  20;   2;eor
       5100;2024032212;    9;  20;   4;eor
       5100;2024032218;    9;  20;   3;eor
       5100;2024032306;    9;  24;   2;eor
       5100;2024032312;    9;  20;   3;eor
       5100;2024032318;    9;  20;   3;eor
       5100;2024032406;    9;  20;   4;eor
       5100;2024032412;    9;  24;   4;eor
       5100;2024032418;    9;  24;   3;eor
       5100;2024032506;    9;  20;   1;eor
       5100;2024032512;    9;  12;   3;eor
       5100;2024032518;    9;   8;   2;eor
       5100;2024032606;    9;  16;   3;eor
       5100;2024032612;    9;  12;   3;eor
       5100;2024032618;    9;   4;   2;eor
       5100;2024032706;    9;  24;   2;eor
       5100;2024032712;    9;  20;   3;eor
       5100;2024032718;    9;  16;   4;eor
       5100;2024032806;    9;  20;   6;eor
       5100;2024032812;    9;  20;   5;eor
       5100;2024032818;    9;  16;   5;eor
       5100;2024032906;    9;  20;   4;eor
       5100;2024032912;    9;  16;   5;eor
       5100;2024032918;    9;   4;   2;eor
       5100;2024033006;    9;  20;   1;eor
       5100;2024033012;    9;  16;   4;eor
       5100;2024033018;    9;  20;   2;eor
       5100;2024033106;    9;   4;   3;eor
       5100;2024033112;    9;   8;   2;eor
       5100;2024033118;    9;  16;   4;eor
       5100;2024040106;    9;  20;   3;eor
       5100;2024040112;    9;  20;   3;eor
       5100;2024040118;    9;  20;   4;eor
       5100;2024040206;    9;  20;   4;eor
       5100;2024040212;    9;  20;   5;eor
       5100;2024040218;    9;  20;   4;eor
       5100;2024040306;    9;  20;   3;eor
       5100;2024040312;    9;  16;   4;eor
       5100;2024040318;    9;  20;   4;eor
       5100;2024040406;    9;  16;   6;eor
       5100;2024040412;    9;  20;   5;eor
       5100;2024040418;    9;  16;   2;eor
       5100;2024040506;    9;  20;   2;eor
       5100;2024040512;    9;  20;   5;eor
       5100;2024040518;    9;  20;   4;eor
       5100;2024040606;    9;  20;   2;eor
       5100;2024040612;    9;  16;   4;eor
       5100;2024040618;    9;  16;   3;eor
       5100;2024040706;    9;  20;   2;eor
       5100;2024040712;    9;  20;   3;eor
       5100;2024040718;    9;  32;   2;eor
       5100;2024040806;    9;   8;   1;eor
       5100;2024040812;    9;  20;   3;eor
       5100;2024040818;    9;  16;   1;eor
       5100;2024040906;    9;  20;   4;eor
       5100;2024040912;    9;  20;   5;eor
       5100;2024040918;    9;  24;   4;eor
       5100;2024041006;    9;  20;   2;eor
       5100;2024041012;    9;  16;   2;eor
       5100;2024041018;    9;  20;   2;eor
       5100;2024041106;    9;  12;   1;eor
       5100;2024041112;    9;  20;   3;eor
       5100;2024041118;    9;  16;   2;eor
       5100;2024041206;    9;  16;   1;eor
       5100;2024041212;    9;  20;   2;eor
       5100;2024041218;    9;  20;   1;eor
       5100;2024041306;    9;  32;   1;eor
       5100;2024041312;    9;  20;   3;eor
       5100;2024041318;    9;  20;   3;eor
       5100;2024041406;    9;  24;   2;eor
       5100;2024041412;    9;  24;   2;eor
       5100;2024041418;    9;  24;   3;eor
       5100;2024041506;    9;  20;   2;eor
       5100;2024041512;    9;  20;   6;eor
       5100;2024041518;    9;  20;   3;eor
       5100;2024041606;    9;  20;   4;eor
       5100;2024041612;    9;  20;   4;eor
       5100;2024041618;    9;  28;   2;eor
       5100;2024041706;    9;  28;   2;eor
       5100;2024041712;    9;  24;   2;eor
       5100;2024041718;    9;  28;   2;eor
       5100;2024041806;    9;   4;   1;eor
       5100;2024041812;    9;   8;   2;eor
       5100;2024041818;    9;  28;   2;eor
       5100;2024041906;    9;  20;   5;eor
       5100;2024041912;    9;  20;   4;eor
       5100;2024041918;    9;  28;   3;eor
       5100;2024042006;    9;  24;   2;eor
       5100;2024042012;    9;  28;   3;eor
       5100;2024042018;    9;  28;   2;eor
       5100;2024042106;    9;  32;   2;eor
       5100;2024042112;    9;   4;   4;eor
       5100;2024042118;    9;   8;   2;eor
       5100;2024042206;    9;  32;   2;eor
       5100;2024042212;    9;  32;   3;eor
       5100;2024042218;    9;  32;   3;eor
       5100;2024042306;    9;   4;   2;eor
       5100;2024042312;    9;   4;   2;eor
       5100;2024042318;    9;  28;   2;eor
       5100;2024042406;    9;  24;   2;eor
       5100;2024042412;    9;  28;   3;eor
       5100;2024042418;    9;  28;   2;eor
       5100;2024042506;    9;  20;   3;eor
       5100;2024042512;    9;  20;   4;eor
       5100;2024042518;    9;  20;   3;eor
       5100;2024042606;    9;  16;   1;eor
       5100;2024042612;    9;  20;   4;eor
       5100;2024042618;    9;  16;   3;eor
       5100;2024042706;    9;  20;   2;eor
       5100;2024042712;    9;  16;   4;eor
       5100;2024042718;    9;  20;   4;eor
       5100;2024042806;    9;  16;   3;eor
       5100;2024042812;    9;  20;   5;eor
       5100;2024042818;    9;  20;   4;eor
       5100;2024042906;    9;  32;   2;eor
       5100;2024042912;    9;  16;   3;eor
       5100;2024042918;    9;  16;   3;eor
       5100;2024043006;    9;   4;   2;eor
       5100;2024043012;    9;  32;   2;eor
       5100;2024043018;    9;   8;   2;eor
       5100;2024050106;    9;  32;   2;eor
       5100;2024050112;    9;  32;   3;eor
       5100;2024050118;    9;   8;   3;eor
       5100;2024050206;    9;  32;   1;eor
       5100;2024050212;    9;  20;   4;eor
       5100;2024050218;    9;  20;   4;eor
       5100;2024050306;    9;  20;   3;eor
       5100;2024050312;    9;  20;   4;eor
       5100;2024050318;    9;  20;   3;eor
       5100;2024050406;    9;   4;   2;eor
       5100;2024050412;    9;  16;   4;eor
       5100;2024050418;    9;  16;   1;eor
       5100;2024050506;    9;  20;   1;eor
       5100;2024050512;    9;  20;   3;eor
       5100;2024050518;    9;  16;   1;eor
       5100;2024050606;    9;  16;   1;eor
       5100;2024050612;    9;  20;   3;eor
       5100;2024050618;    9;  20;   3;eor
       5100;2024050706;    9;  24;   1;eor
       5100;2024050712;    9;  32;   2;eor
       5100;2024050718;    9;   4;   2;eor
       5100;2024050806;    9;  16;   1;eor
       5100;2024050812;    9;   4;   3;eor
       5100;2024050818;    9;   4;   2;eor
       5100;2024050906;    9;   4;   2;eor
       5100;2024050912;    9;   4;   3;eor
       5100;2024050918;    9;   4;   2;eor
       5100;2024051006;    9;   4;   2;eor
       5100;2024051012;    9;   8;   2;eor
       5100;2024051018;    9;   8;   2;eor
       5100;2024051106;    9;   4;   2;eor
       5100;2024051112;    9;   8;   3;eor
       5100;2024051118;    9;   8;   2;eor
       5100;2024051206;    9;   4;   2;eor
       5100;2024051212;    9;  16;   3;eor
       5100;2024051218;    9;  12;   2;eor
       5100;2024051306;    9;  20;   2;eor
       5100;2024051312;    9;  20;   3;eor
       5100;2024051318;    9;   8;   2;eor
       5100;2024051406;    9;   4;   2;eor
       5100;2024051412;    9;  20;   3;eor
       5100;2024051418;    9;  20;   2;eor
       5100;2024051506;    9;  20;   2;eor
       5100;2024051512;    9;  24;   2;eor
       5100;2024051518;    9;   4;   2;eor
       5100;2024051606;    9;  16;   1;eor
       5100;2024051612;    9;  20;   4;eor
       5100;2024051618;    9;  24;   2;eor
       5100;2024051706;    9;  24;   2;eor
       5100;2024051712;    9;  28;   2;eor
       5100;2024051718;    9;  24;   3;eor
       5100;2024051806;    9;  20;   2;eor
       5100;2024051812;    9;  24;   2;eor
       5100;2024051818;    9;  20;   2;eor
       5100;2024051906;    9;  20;   2;eor
       5100;2024051912;    9;  28;   2;eor
       5100;2024051918;    9;  20;   2;eor
       5100;2024052006;    9;  32;   2;eor
       5100;2024052012;    9;  16;   2;eor
       5100;2024052018;    9;   4;   3;eor
       5100;2024052106;    9;  12;   1;eor
       5100;2024052112;    9;  20;   2;eor
       5100;2024052118;    9;  20;   2;eor
       5100;2024052206;    9;  20;   2;eor
       5100;2024052212;    9;  20;   3;eor
       5100;2024052218;    9;  20;   3;eor
       5100;2024052306;    9;  20;   1;eor
       5100;2024052312;    9;  20;   2;eor
       5100;2024052318;    9;  12;   2;eor
       5100;2024052406;    9;   4;   1;eor
       5100;2024052412;    9;  20;   2;eor
       5100;2024052418;    9;  20;   3;eor
       5100;2024052506;    9;  20;   2;eor
       5100;2024052512;    9;  16;   2;eor
       5100;2024052518;    9;  20;   2;eor
       5100;2024052606;    9;   4;   1;eor
       5100;2024052612;    9;  16;   4;eor
       5100;2024052618;    9;  16;   4;eor
       5100;2024052706;    9;  16;   1;eor
       5100;2024052712;    9;  20;   4;eor
       5100;2024052718;    9;  24;   3;eor
       5100;2024052806;    9;  20;   2;eor
       5100;2024052812;    9;  20;   4;eor
       5100;2024052818;    9;  20;   3;eor
       5100;2024052906;    9;  20;   4;eor
       5100;2024052912;    9;  20;   4;eor
       5100;2024052918;    9;  20;   3;eor
       5100;2024053006;    9;  20;   2;eor
       5100;2024053012;    9;   4;   1;eor
       5100;2024053018;    9;  24;   1;eor
       5100;2024053106;    9;  24;   2;eor
       5100;2024053112;    9;  32;   2;eor
       5100;2024053118;    9;  28;   2;eor
       5100;2024060106;    9;  20;   2;eor
       5100;2024060112;    9;  28;   2;eor
       5100;2024060118;    9;  24;   1;eor
       5100;2024060206;    9;  32;   2;eor
       5100;2024060212;    9;  32;   2;eor
       5100;2024060218;    9;  32;   2;eor
       5100;2024060306;    9;  32;   2;eor
       5100;2024060312;    9;  32;   2;eor
       5100;2024060318;    9;  28;   2;eor
       5100;2024060406;    9;   4;   1;eor
       5100;2024060412;    9;  20;   3;eor
       5100;2024060418;    9;  20;   3;eor
       5100;2024060506;    9;  20;   2;eor
       5100;2024060512;    9;  20;   4;eor
       5100;2024060518;    9;  16;   2;eor
       5100;2024060606;    9;   8;   1;eor
       5100;2024060612;    9;  24;   3;eor
       5100;2024060618;    9;  24;   2;eor
       5100;2024060706;    9;  28;   1;eor
       5100;2024060712;    9;  20;   3;eor
       5100;2024060718;    9;  24;   3;eor
       5100;2024060806;    9;  20;   1;eor
       5100;2024060812;    9;  20;   3;eor
       5100;2024060818;    9;  24;   3;eor
       5100;2024060906;    9;  32;   2;eor
       5100;2024060912;    9;  24;   2;eor
       5100;2024060918;    9;  28;   2;eor
       5100;2024061006;    9;  20;   2;eor
       5100;2024061012;    9;  20;   4;eor
       5100;2024061018;    9;  24;   3;eor
       5100;2024061106;    9;  20;   2;eor
       5100;2024061112;    9;  20;   2;eor
       5100;2024061118;    9;  24;   3;eor
       5100;2024061206;    9;   4;   1;eor
       5100;2024061212;    9;  28;   2;eor
       5100;2024061218;    9;  32;   2;eor
       5100;2024061306;    9;  16;   1;eor
       5100;2024061312;    9;  20;   2;eor
       5100;2024061318;    9;  20;   3;eor
       5100;2024061406;    9;  20;   2;eor
       5100;2024061412;    9;  20;   5;eor
       5100;2024061418;    9;  16;   4;eor
       5100;2024061506;    9;  20;   5;eor
       5100;2024061512;    9;  20;   5;eor
       5100;2024061518;    9;  20;   3;eor
       5100;2024061606;    9;  16;   4;eor
       5100;2024061612;    9;  16;   4;eor
       5100;2024061618;    9;  20;   3;eor
       5100;2024061706;    9;  20;   3;eor
       5100;2024061712;    9;  20;   3;eor
       5100;2024061718;    9;  20;   2;eor
       5100;2024061806;    9;  32;   2;eor
       5100;2024061812;    9;  16;   1;eor
       5100;2024061818;    9;  20;   1;eor
       5100;2024061906;    9;   4;   3;eor
       5100;2024061912;    9;   4;   3;eor
       5100;2024061918;    9;   4;   3;eor
       5100;2024062006;    9;   4;   4;eor
       5100;2024062012;    9;  32;   2;eor
       5100;2024062018;    9;  32;   2;eor
       5100;2024062106;    9;  20;   2;eor
       5100;2024062112;    9;  20;   4;eor
       5100;2024062118;    9;  24;   3;eor
       5100;2024062206;    9;  20;   1;eor
       5100;2024062212;    9;  20;   3;eor
       5100;2024062218;    9;  24;   2;eor
       5100;2024062306;    9;  12;   1;eor
       5100;2024062312;    9;   4;   2;eor
       5100;2024062318;    9;   4;   1;eor
       5100;2024062406;    9;   4;   2;eor
       5100;2024062412;    9;   4;   3;eor
       5100;2024062418;    9;   4;   3;eor
       5100;2024062506;    9;   4;   2;eor
       5100;2024062512;    9;   4;   3;eor
       5100;2024062518;    9;   4;   3;eor
       5100;2024062606;    9;   4;   2;eor
       5100;2024062612;    9;  24;   2;eor
       5100;2024062618;    9;  24;   2;eor
       5100;2024062706;    9;  24;   1;eor
       5100;2024062712;    9;  20;   3;eor
       5100;2024062718;    9;  24;   3;eor
       5100;2024062806;    9;  20;   3;eor
       5100;2024062812;    9;  20;   4;eor
       5100;2024062818;    9;  20;   3;eor
       5100;2024062906;    9;   4;   2;eor
       5100;2024062912;    9;   4;   2;eor
       5100;2024062918;    9;   4;   4;eor
       5100;2024063006;    9;  20;   2;eor
       5100;2024063012;    9;  24;   2;eor
       5100;2024063018;    9;  20;   2;eor
       5100;2024070106;    9;  20;   2;eor
       5100;2024070112;    9;  28;   2;eor
       5100;2024070118;    9;  28;   2;eor
       5100;2024070206;    9;  20;   2;eor
       5100;2024070212;    9;  20;   3;eor
       5100;2024070218;    9;  24;   2;eor
       5100;2024070306;    9;  20;   1;eor
       5100;2024070312;    9;  20;   2;eor
       5100;2024070318;    9;  12;   1;eor
       5100;2024070406;    9;  20;   3;eor
       5100;2024070412;    9;  20;   4;eor
       5100;2024070418;    9;  24;   4;eor
       5100;2024070506;    9;  20;   2;eor
       5100;2024070512;    9;  20;   4;eor
       5100;2024070518;    9;  20;   3;eor
       5100;2024070606;    9;  24;   2;eor
       5100;2024070612;    9;  20;   4;eor
       5100;2024070618;    9;  20;   3;eor
       5100;2024070706;    9;  20;   1;eor
       5100;2024070712;    9;  20;   3;eor
       5100;2024070718;    9;  20;   2;eor
       5100;2024070806;    9;  24;   1;eor
       5100;2024070812;    9;  20;   2;eor
       5100;2024070818;    9;   4;   2;eor
       5100;2024070906;    9;   4;   1;eor
       5100;2024070912;    9;  16;   3;eor
       5100;2024070918;    9;  16;   4;eor
       5100;2024071006;    9;  24;   1;eor
       5100;2024071012;    9;  16;   3;eor
       5100;2024071018;    9;  24;   2;eor
       5100;2024071106;    9;  20;   1;eor
       5100;2024071112;    9;  20;   3;eor
       5100;2024071118;    9;  20;   1;eor
       5100;2024071206;    9;  32;   3;eor
       5100;2024071212;    9;  20;   3;eor
       5100;2024071218;    9;  32;   2;eor
       5100;2024071306;    9;  20;   2;eor
       5100;2024071312;    9;  20;   2;eor
       5100;2024071318;    9;  24;   2;eor
       5100;2024071406;    9;  32;   1;eor
       5100;2024071412;    9;  24;   3;eor
       5100;2024071418;    9;  24;   2;eor
       5100;2024071506;    9;   4;   1;eor
       5100;2024071512;    9;  16;   2;eor
       5100;2024071518;    9;  12;   1;eor
       5100;2024071606;    9;  20;   3;eor
       5100;2024071612;    9;  20;   3;eor
       5100;2024071618;    9;  20;   2;eor
       5100;2024071706;    9;  20;   2;eor
       5100;2024071712;    9;  20;   3;eor
       5100;2024071718;    9;   4;   2;eor
       5100;2024071806;    9;   4;   2;eor
       5100;2024071812;    9;   4;   2;eor
       5100;2024071818;    9;   4;   2;eor
       5100;2024071906;    9;   4;   2;eor
       5100;2024071912;    9;  32;   2;eor
       5100;2024071918;    9;  32;   2;eor
       5100;2024072006;    9;  20;   1;eor
       5100;2024072012;    9;  20;   2;eor
       5100;2024072018;    9;  16;   1;eor
       5100;2024072106;    9;   8;   1;eor
       5100;2024072112;    9;  20;   2;eor
       5100;2024072118;    9;  20;   2;eor
       5100;2024072206;    9;  20;   2;eor
       5100;2024072212;    9;  20;   3;eor
       5100;2024072218;    9;  24;   2;eor
       5100;2024072306;    9;  20;   3;eor
       5100;2024072312;    9;  20;   4;eor
       5100;2024072318;    9;  28;   3;eor
       5100;2024072406;    9;   4;   2;eor
       5100;2024072412;    9;  28;   1;eor
       5100;2024072418;    9;  20;   2;eor
       5100;2024072506;    9;   4;   1;eor
       5100;2024072512;    9;  24;   2;eor
       5100;2024072518;    9;  20;   2;eor
       5100;2024072606;    9;  28;   1;eor
       5100;2024072612;    9;  16;   2;eor
       5100;2024072618;    9;  24;   2;eor
       5100;2024072706;    9;   4;   1;eor
       5100;2024072712;    9;  20;   2;eor
       5100;2024072718;    9;  20;   3;eor
       5100;2024072806;    9;   0;   0;eor
       5100;2024072812;    9;   4;   2;eor
       5100;2024072818;    9;   4;   2;eor
       5100;2024072906;    9;   4;   2;eor
       5100;2024072912;    9;   4;   2;eor
       5100;2024072918;    9;  12;   2;eor
       5100;2024073006;    9;   4;   2;eor
       5100;2024073012;    9;  20;   2;eor
       5100;2024073018;    9;  24;   1;eor
       5100;2024073106;    9;  32;   2;eor
       5100;2024073112;    9;   8;   2;eor
       5100;2024073118;    9;   4;   2;eor
       5100;2024080106;    9;   4;   1;eor
       5100;2024080112;    9;  20;   1;eor
       5100;2024080118;    9;  12;   1;eor
       5100;2024080206;    9;   4;   1;eor
       5100;2024080212;    9;  16;   2;eor
       5100;2024080218;    9;  28;   1;eor
       5100;2024080306;    9;  12;   1;eor
       5100;2024080312;    9;  20;   3;eor
       5100;2024080318;    9;  20;   3;eor
       5100;2024080406;    9;  20;   2;eor
       5100;2024080412;    9;  20;   2;eor
       5100;2024080418;    9;  24;   2;eor
       5100;2024080506;    9;   4;   1;eor
       5100;2024080512;    9;  20;   2;eor
       5100;2024080518;    9;  24;   1;eor
       5100;2024080606;    9;   4;   2;eor
       5100;2024080612;    9;  16;   2;eor
       5100;2024080618;    9;  16;   3;eor
       5100;2024080706;    9;  28;   1;eor
       5100;2024080712;    9;  24;   3;eor
       5100;2024080718;    9;  24;   3;eor
       5100;2024080806;    9;  20;   1;eor
       5100;2024080812;    9;  24;   3;eor
       5100;2024080818;    9;  20;   2;eor
       5100;2024080906;    9;  20;   2;eor
       5100;2024080912;    9;  20;   4;eor
       5100;2024080918;    9;  24;   3;eor
       5100;2024081006;    9;  20;   2;eor
       5100;2024081012;    9;  20;   3;eor
       5100;2024081018;    9;  24;   2;eor
       5100;2024081106;    9;   4;   2;eor
       5100;2024081112;    9;   4;   2;eor
       5100;2024081118;    9;   4;   3;eor
       5100;2024081206;    9;   4;   2;eor
       5100;2024081212;    9;  16;   2;eor
       5100;2024081218;    9;  16;   2;eor
       5100;2024081306;    9;   4;   1;eor
       5100;2024081312;    9;  16;   3;eor
       5100;2024081318;    9;  32;   2;eor
       5100;2024081406;    9;   8;   1;eor
       5100;2024081412;    9;  24;   2;eor
       5100;2024081418;    9;  24;   3;eor
       5100;2024081506;    9;  20;   1;eor
       5100;2024081512;    9;  20;   2;eor
       5100;2024081518;    9;  20;   3;eor
       5100;2024081606;    9;  20;   1;eor
       5100;2024081612;    9;  20;   3;eor
       5100;2024081618;    9;  24;   2;eor
       5100;2024081706;    9;  20;   2;eor
       5100;2024081712;    9;  20;   3;eor
       5100;2024081718;    9;  24;   1;eor
       5100;2024081806;    9;  24;   2;eor
       5100;2024081812;    9;  32;   2;eor
       5100;2024081818;    9;  32;   2;eor
       5100;2024081906;    9;   4;   2;eor
       5100;2024081912;    9;  24;   1;eor
       5100;2024081918;    9;   8;   2;eor
       5100;2024082006;    9;   4;   2;eor
       5100;2024082012;    9;  20;   2;eor
       5100;2024082018;    9;  20;   3;eor
       5100;2024082106;    9;  20;   2;eor
       5100;2024082112;    9;  20;   3;eor
       5100;2024082118;    9;  24;   3;eor
       5100;2024082206;    9;  20;   1;eor
       5100;2024082212;    9;  20;   4;eor
       5100;2024082218;    9;  16;   3;eor
       5100;2024082306;    9;  20;   3;eor
       5100;2024082312;    9;  20;   5;eor
       5100;2024082318;    9;  20;   3;eor
       5100;2024082406;    9;  24;   1;eor
       5100;2024082412;    9;  16;   5;eor
       5100;2024082418;    9;  16;   4;eor
       5100;2024082506;    9;  20;   3;eor
       5100;2024082512;    9;  20;   2;eor
       5100;2024082518;    9;  20;   2;eor
       5100;2024082606;    9;   8;   1;eor
       5100;2024082612;    9;  16;   2;eor
       5100;2024082618;    9;  28;   1;eor
       5100;2024082706;    9;   4;   2;eor
       5100;2024082712;    9;   4;   3;eor
       5100;2024082718;    9;   8;   2;eor
       5100;2024082806;    9;  32;   2;eor
       5100;2024082812;    9;  20;   3;eor
       5100;2024082818;    9;  16;   2;eor
       5100;2024082906;    9;   0;   0;eor
       5100;2024082912;    9;  24;   3;eor
       5100;2024082918;    9;  24;   2;eor
       5100;2024083006;    9;   4;   2;eor
       5100;2024083012;    9;  32;   2;eor
       5100;2024083018;    9;   4;   4;eor
       5100;2024083106;    9;   4;   3;eor
       5100;2024083112;    9;   4;   3;eor
       5100;2024083118;    9;   4;   3;eor
       5100;2024090106;    9;   4;   2;eor
       5100;2024090112;    9;   4;   2;eor
       5100;2024090118;    9;  20;   1;eor
       5100;2024090206;    9;   8;   1;eor
       5100;2024090212;    9;  20;   2;eor
       5100;2024090218;    9;  16;   1;eor
       5100;2024090306;    9;   4;   1;eor
       5100;2024090312;    9;  20;   2;eor
       5100;2024090318;    9;  24;   2;eor
       5100;2024090406;    9;  20;   1;eor
       5100;2024090412;    9;   4;   2;eor
       5100;2024090418;    9;   4;   3;eor
       5100;2024090506;    9;   4;   4;eor
       5100;2024090512;    9;   4;   3;eor
       5100;2024090518;    9;  24;   2;eor
       5100;2024090606;    9;  20;   2;eor
       5100;2024090612;    9;  20;   2;eor
       5100;2024090618;    9;  32;   2;eor
       5100;2024090706;    9;   4;   2;eor
       5100;2024090712;    9;  32;   2;eor
       5100;2024090718;    9;   8;   2;eor
       5100;2024090806;    9;  20;   3;eor
       5100;2024090812;    9;  20;   3;eor
       5100;2024090818;    9;  20;   2;eor
       5100;2024090906;    9;  20;   3;eor
       5100;2024090912;    9;  24;   3;eor
       5100;2024090918;    9;  28;   2;eor
       5100;2024091006;    9;  20;   1;eor
       5100;2024091012;    9;  24;   4;eor
       5100;2024091018;    9;  20;   4;eor
       5100;2024091106;    9;  28;   3;eor
       5100;2024091112;    9;  24;   3;eor
       5100;2024091118;    9;  24;   2;eor
       5100;2024091206;    9;  20;   2;eor
       5100;2024091212;    9;  20;   3;eor
       5100;2024091218;    9;  24;   1;eor
       5100;2024091306;    9;  24;   1;eor
       5100;2024091312;    9;  32;   1;eor
       5100;2024091318;    9;  32;   1;eor
       5100;2024091406;    9;  16;   1;eor
       5100;2024091412;    9;  32;   2;eor
       5100;2024091418;    9;  32;   2;eor
       5100;2024091506;    9;   8;   1;eor
       5100;2024091512;    9;   4;   2;eor
       5100;2024091518;    9;   4;   2;eor
       5100;2024091606;    9;  12;   1;eor
       5100;2024091612;    9;   4;   2;eor
       5100;2024091618;    9;   4;   2;eor
       5100;2024091706;    9;   4;   4;eor
       5100;2024091712;    9;   4;   4;eor
       5100;2024091718;    9;   4;   3;eor
       5100;2024091806;    9;   4;   4;eor
       5100;2024091812;    9;   4;   4;eor
       5100;2024091818;    9;   4;   4;eor
       5100;2024091906;    9;   4;   4;eor
       5100;2024091912;    9;   4;   4;eor
       5100;2024091918;    9;   4;   3;eor
       5100;2024092006;    9;   4;   3;eor
       5100;2024092012;    9;   8;   2;eor
       5100;2024092018;    9;  12;   1;eor
       5100;2024092106;    9;  32;   2;eor
       5100;2024092112;    9;   4;   2;eor
       5100;2024092118;    9;   4;   2;eor
       5100;2024092206;    9;  32;   2;eor
       5100;2024092212;    9;  28;   2;eor
       5100;2024092218;    9;  16;   2;eor
       5100;2024092306;    9;  20;   3;eor
       5100;2024092312;    9;  20;   3;eor
       5100;2024092318;    9;  16;   3;eor
       5100;2024092406;    9;  16;   3;eor
       5100;2024092412;    9;  20;   5;eor
       5100;2024092418;    9;  20;   4;eor
       5100;2024092506;    9;  20;   3;eor
       5100;2024092512;    9;  16;   4;eor
       5100;2024092518;    9;  16;   5;eor
       5100;2024092606;    9;  20;   4;eor
       5100;2024092612;    9;  16;   4;eor
       5100;2024092618;    9;  20;   6;eor
       5100;2024092706;    9;  16;   4;eor
       5100;2024092712;    9;  20;   4;eor
       5100;2024092718;    9;  20;   4;eor
       5100;2024092806;    9;  28;   1;eor
       5100;2024092812;    9;-999;-999;eor
       5100;2024092818;    9;-999;-999;eor
       5100;2024092906;    9;-999;-999;eor
       5100;2024092912;    9;-999;-999;eor
       5100;2024092918;    9;-999;-999;eor
       5100;2024093006;    9;-999;-999;eor
       5100;2024093012;    9;  16;   4;eor
       5100;2024093018;    9;  20;   4;eor
       5100;2024100106;    9;  20;   4;eor
       5100;2024100112;    9;  20;   4;eor
       5100;2024100118;    9;  16;   2;eor
       5100;2024100206;    9;  20;   1;eor
       5100;2024100212;    9;  16;   2;eor
       5100;2024100218;    9;   4;   2;eor
       5100;2024100306;    9;   4;   3;eor
       5100;2024100312;    9;   4;   3;eor
       5100;2024100318;    9;   4;   2;eor
       5100;2024100406;    9;   4;   2;eor
       5100;2024100412;    9;   4;   3;eor
       5100;2024100418;    9;   4;   2;eor
       5100;2024100506;    9;   4;   2;eor
       5100;2024100512;    9;   4;   2;eor
       5100;2024100518;    9;   8;   2;eor
       5100;2024100606;    9;   4;   2;eor
       5100;2024100612;    9;  16;   3;eor
       5100;2024100618;    9;  16;   3;eor
       5100;2024100706;    9;  20;   2;eor
       5100;2024100712;    9;  16;   3;eor
       5100;2024100718;    9;  32;   2;eor
       5100;2024100806;    9;  16;   4;eor
       5100;2024100812;    9;  16;   4;eor
       5100;2024100818;    9;  16;   3;eor
       5100;2024100906;    9;  16;   4;eor
       5100;2024100912;    9;  16;   5;eor
       5100;2024100918;    9;  16;   5;eor
       5100;2024101006;    9;  20;   4;eor
       5100;2024101012;    9;  24;   2;eor
       5100;2024101018;    9;  20;   2;eor
       5100;2024101106;    9;  20;   1;eor
       5100;2024101112;    9;  32;   1;eor
       5100;2024101118;    9;  12;   2;eor
       5100;2024101206;    9;   4;   1;eor
       5100;2024101212;    9;  32;   1;eor
       5100;2024101218;    9;  20;   2;eor
       5100;2024101306;    9;  24;   3;eor
       5100;2024101312;    9;  24;   3;eor
       5100;2024101318;    9;  16;   1;eor
       5100;2024101406;    9;  32;   1;eor
       5100;2024101412;    9;   8;   1;eor
       5100;2024101418;    9;   4;   2;eor
       5100;2024101506;    9;  32;   2;eor
       5100;2024101512;    9;   4;   3;eor
       5100;2024101518;    9;   4;   3;eor
       5100;2024101606;    9;   4;   2;eor
       5100;2024101612;    9;   4;   2;eor
       5100;2024101618;    9;   4;   2;eor
       5100;2024101706;    9;  20;   3;eor
       5100;2024101712;    9;  20;   2;eor
       5100;2024101718;    9;   8;   1;eor
       5100;2024101806;    9;  20;   2;eor
       5100;2024101812;    9;  32;   1;eor
       5100;2024101818;    9;  16;   1;eor
       5100;2024101906;    9;  20;   3;eor
       5100;2024101912;    9;  20;   3;eor
       5100;2024101918;    9;  20;   1;eor
       5100;2024102006;    9;   4;   1;eor
       5100;2024102012;    9;  20;   3;eor
       5100;2024102018;    9;  16;   3;eor
       5100;2024102106;    9;  20;   3;eor
       5100;2024102112;    9;  20;   2;eor
       5100;2024102118;    9;  16;   3;eor
       5100;2024102206;    9;  28;   1;eor
       5100;2024102212;    9;  32;   2;eor
       5100;2024102218;    9;  32;   1;eor
       5100;2024102306;    9;   4;   2;eor
       5100;2024102312;    9;   4;   2;eor
       5100;2024102318;    9;   4;   2;eor
       5100;2024102406;    9;  32;   2;eor
       5100;2024102412;    9;   4;   1;eor
       5100;2024102418;    9;   8;   2;eor
       5100;2024102506;    9;   4;   2;eor
       5100;2024102512;    9;  28;   2;eor
       5100;2024102518;    9;   8;   2;eor
       5100;2024102606;    9;   4;   1;eor
       5100;2024102612;    9;   4;   2;eor
       5100;2024102618;    9;  16;   2;eor
       5100;2024102706;    9;  16;   1;eor
       5100;2024102712;    9;  20;   2;eor
       5100;2024102718;    9;  20;   1;eor
       5100;2024102806;    9;  20;   1;eor
       5100;2024102812;    9;  20;   2;eor
       5100;2024102818;    9;  20;   2;eor
       5100;2024102906;    9;  16;   1;eor
       5100;2024102912;    9;  20;   2;eor
       5100;2024102918;    9;  20;   2;eor
       5100;2024103006;    9;  16;   1;eor
       5100;2024103012;    9;   4;   2;eor
       5100;2024103018;    9;   4;   2;eor
       5100;2024103106;    9;  32;   2;eor
       5100;2024103112;    9;   4;   1;eor
       5100;2024103118;    9;  20;   1;eor
       5100;2024110106;    9;  20;   2;eor
       5100;2024110112;    9;  20;   2;eor
       5100;2024110118;    9;  20;   1;eor
       5100;2024110206;    9;  32;   2;eor
       5100;2024110212;    9;   4;   3;eor
       5100;2024110218;    9;   8;   3;eor
       5100;2024110306;    9;   8;   1;eor
       5100;2024110312;    9;  32;   1;eor
       5100;2024110318;    9;   8;   1;eor
       5100;2024110406;    9;   8;   1;eor
       5100;2024110412;    9;   4;   1;eor
       5100;2024110418;    9;  12;   1;eor
       5100;2024110506;    9;  24;   1;eor
       5100;2024110512;    9;  20;   1;eor
       5100;2024110518;    9;  16;   1;eor
       5100;2024110606;    9;   4;   2;eor
       5100;2024110612;    9;  32;   1;eor
       5100;2024110618;    9;   4;   2;eor
       5100;2024110706;    9;   4;   2;eor
       5100;2024110712;    9;  32;   2;eor
       5100;2024110718;    9;   8;   1;eor
       5100;2024110806;    9;   8;   2;eor
       5100;2024110812;    9;  12;   1;eor
       5100;2024110818;    9;  12;   2;eor
       5100;2024110906;    9;   4;   2;eor
       5100;2024110912;    9;  28;   1;eor
       5100;2024110918;    9;  12;   1;eor
       5100;2024111006;    9;  12;   2;eor
       5100;2024111012;    9;  32;   1;eor
       5100;2024111018;    9;   4;   2;eor
       5100;2024111106;    9;  20;   1;eor
       5100;2024111112;    9;  20;   2;eor
       5100;2024111118;    9;  28;   1;eor
       5100;2024111206;    9;   4;   3;eor
       5100;2024111212;    9;   4;   3;eor
       5100;2024111218;    9;   4;   3;eor
       5100;2024111306;    9;   4;   3;eor
       5100;2024111312;    9;   4;   2;eor
       5100;2024111318;    9;   4;   1;eor
       5100;2024111406;    9;  20;   2;eor
       5100;2024111412;    9;  20;   2;eor
       5100;2024111418;    9;  24;   1;eor
       5100;2024111506;    9;  32;   1;eor
       5100;2024111512;    9;  32;   1;eor
       5100;2024111518;    9;  20;   1;eor
       5100;2024111606;    9;  20;   2;eor
       5100;2024111612;    9;  20;   3;eor
       5100;2024111618;    9;  20;   2;eor
       5100;2024111706;    9;  20;   4;eor
       5100;2024111712;    9;  20;   4;eor
       5100;2024111718;    9;  20;   3;eor
       5100;2024111806;    9;  20;   3;eor
       5100;2024111812;    9;  20;   2;eor
       5100;2024111818;    9;  12;   1;eor
       5100;2024111906;    9;  20;   6;eor
       5100;2024111912;    9;  20;   6;eor
       5100;2024111918;    9;  24;   3;eor
       5100;2024112006;    9;  20;   3;eor
       5100;2024112012;    9;  24;   4;eor
       5100;2024112018;    9;  20;   3;eor
       5100;2024112106;    9;  20;   4;eor
       5100;2024112112;    9;  16;   3;eor
       5100;2024112118;    9;   4;   2;eor
       5100;2024112206;    9;  20;   3;eor
       5100;2024112212;    9;  20;   5;eor
       5100;2024112218;    9;  20;   4;eor
       5100;2024112306;    9;  20;   3;eor
       5100;2024112312;    9;  16;   4;eor
       5100;2024112318;    9;  16;   4;eor
       5100;2024112406;    9;  20;   5;eor
       5100;2024112412;    9;  16;   5;eor
       5100;2024112418;    9;  16;   5;eor
       5100;2024112506;    9;  16;   5;eor
       5100;2024112512;    9;  16;   5;eor
       5100;2024112518;    9;  20;   4;eor
       5100;2024112606;    9;  20;   2;eor
       5100;2024112612;    9;  20;   4;eor
       5100;2024112618;    9;  20;   2;eor
       5100;2024112706;    9;  20;   2;eor
       5100;2024112712;    9;  16;   5;eor
       5100;2024112718;    9;  20;   5;eor
       5100;2024112806;    9;  20;   2;eor
       5100;2024112812;    9;  28;   2;eor
       5100;2024112818;    9;  24;   1;eor
       5100;2024112906;    9;   4;   1;eor
       5100;2024112912;    9;   8;   1;eor
       5100;2024112918;    9;   4;   3;eor
       5100;2024113006;    9;  32;   2;eor
       5100;2024113012;    9;  24;   1;eor
       5100;2024113018;    9;  20;   2;eor
       5100;2024120106;    3;  12;   1;eor
       5100;2024120112;    3;  20;   3;eor
       5100;2024120118;    3;  28;   1;eor
       5100;2024120206;    3;  20;   2;eor
       5100;2024120212;    3;  20;   3;eor
       5100;2024120218;    3;  20;   3;eor
       5100;2024120306;    3;  20;   3;eor
       5100;2024120312;    3;  28;   2;eor
       5100;2024120318;    3;  28;   1;eor
       5100;2024120406;    3;  20;   1;eor
       5100;2024120412;    3;  20;   2;eor
       5100;2024120418;    3;  12;   1;eor
       5100;2024120506;    3;  20;   3;eor
       5100;2024120512;    3;  20;   5;eor
       5100;2024120518;    3;  20;   4;eor
       5100;2024120606;    3;  24;   4;eor
       5100;2024120612;    3;  24;   4;eor
       5100;2024120618;    3;  24;   4;eor
       5100;2024120706;    3;  16;   5;eor
       5100;2024120712;    3;  20;   4;eor
       5100;2024120718;    3;  20;   6;eor
       5100;2024120806;    3;  12;   3;eor
       5100;2024120812;    3;   8;   2;eor
       5100;2024120818;    3;   4;   3;eor
       5100;2024120906;    3;   4;   4;eor
       5100;2024120912;    3;   4;   3;eor
       5100;2024120918;    3;   4;   4;eor
       5100;2024121006;    3;   4;   3;eor
       5100;2024121012;    3;   4;   3;eor
       5100;2024121018;    3;   4;   3;eor
       5100;2024121106;    3;   4;   2;eor
       5100;2024121112;    3;   4;   3;eor
       5100;2024121118;    3;   4;   2;eor
       5100;2024121206;    3;   4;   2;eor
       5100;2024121212;    3;  32;   2;eor
       5100;2024121218;    3;   8;   2;eor
       5100;2024121306;    3;   8;   2;eor
       5100;2024121312;    3;  16;   2;eor
       5100;2024121318;    3;  16;   2;eor
       5100;2024121406;    3;  16;   1;eor
       5100;2024121412;    3;  20;   3;eor
       5100;2024121418;    3;  20;   3;eor
       5100;2024121506;    3;  20;   3;eor
       5100;2024121512;    3;  20;   4;eor
       5100;2024121518;    3;  20;   4;eor
       5100;2024121606;    3;  20;   4;eor
       5100;2024121612;    3;  20;   4;eor
       5100;2024121618;    3;  20;   4;eor
       5100;2024121706;    3;  16;   2;eor
       5100;2024121712;    3;  16;   2;eor
       5100;2024121718;    3;  20;   2;eor
       5100;2024121806;    3;  20;   3;eor
       5100;2024121812;    3;  20;   4;eor
       5100;2024121818;    3;  20;   4;eor
       5100;2024121906;    3;  16;   5;eor
       5100;2024121912;    3;  24;   4;eor
       5100;2024121918;    3;  24;   3;eor
       5100;2024122006;    3;  20;   2;eor
       5100;2024122012;    3;  20;   3;eor
       5100;2024122018;    3;  20;   3;eor
       5100;2024122106;    3;  16;   4;eor
       5100;2024122112;    3;  20;   4;eor
       5100;2024122118;    3;  20;   5;eor
       5100;2024122206;    3;  20;   4;eor
       5100;2024122212;    3;  24;   4;eor
       5100;2024122218;    3;  24;   3;eor
       5100;2024122306;    3;  20;   2;eor
       5100;2024122312;    3;  28;   2;eor
       5100;2024122318;    3;  24;   2;eor
       5100;2024122406;    3;  20;   2;eor
       5100;2024122412;    3;  20;   3;eor
       5100;2024122418;    3;  20;   2;eor
       5100;2024122506;    3;  20;   2;eor
       5100;2024122512;    3;  16;   1;eor
       5100;2024122518;    3;   4;   1;eor
       5100;2024122606;    3;  32;   2;eor
       5100;2024122612;    3;   4;   2;eor
       5100;2024122618;    3;   4;   3;eor
       5100;2024122706;    3;   4;   3;eor
       5100;2024122712;    3;  24;   1;eor
       5100;2024122718;    3;  16;   1;eor
       5100;2024122806;    3;  32;   1;eor
       5100;2024122812;    3;  12;   1;eor
       5100;2024122818;    3;  12;   1;eor
       5100;2024122906;    3;  20;   1;eor
       5100;2024122912;    3;  24;   2;eor
       5100;2024122918;    3;  24;   2;eor
       5100;2024123006;    3;  16;   2;eor
       5100;2024123012;    3;  20;   2;eor
       5100;2024123018;    3;  20;   2;eor
       5100;2024123106;    3;  20;   3;eor
       5100;2024123112;    3;  20;   3;eor
       5100;2024123118;    3;  16;   4;eor
       5100;2025010100;    3;  20;   4;eor
       5100;2025010106;    3;  20;   4;eor
       5100;2025010112;    3;  20;   6;eor
       5100;2025010118;    3;  20;   6;eor
       5100;2025010200;    3;  20;   5;eor
       5100;2025010206;    3;  24;   3;eor
       5100;2025010212;    3;  16;   1;eor
       5100;2025010218;    3;  24;   2;eor
       5100;2025010300;    3;  20;   2;eor
       5100;2025010306;    3;  20;   2;eor
       5100;2025010312;    3;  20;   3;eor
       5100;2025010318;    3;  16;   3;eor
       5100;2025010400;    3;  20;   3;eor
       5100;2025010406;    3;  20;   1;eor
       5100;2025010412;    3;  20;   1;eor
       5100;2025010418;    3;  32;   2;eor
       5100;2025010500;    3;  12;   2;eor
       5100;2025010506;    3;  32;   2;eor
       5100;2025010512;    3;  20;   4;eor
       5100;2025010518;    3;  20;   4;eor
       5100;2025010600;    3;  20;   4;eor
       5100;2025010606;    3;  16;   6;eor
       5100;2025010612;    3;  16;   8;eor
       5100;2025010618;    3;  20;   5;eor
       5100;2025010700;    3;  20;   5;eor
       5100;2025010706;    3;  20;   5;eor
       5100;2025010712;    3;  20;   4;eor
       5100;2025010718;    3;  20;   6;eor
       5100;2025010800;    3;  20;   3;eor
       5100;2025010806;    3;  20;   3;eor
       5100;2025010812;    3;  20;   2;eor
       5100;2025010818;    3;   4;   2;eor
       5100;2025010900;    3;  20;   6;eor
       5100;2025010906;    3;  16;   5;eor
       5100;2025010912;    3;  32;   2;eor
       5100;2025010918;    3;  24;   3;eor
       5100;2025011000;    3;  20;   3;eor
       5100;2025011006;    3;  20;   2;eor
       5100;2025011012;    3;  20;   3;eor
       5100;2025011018;    3;  24;   2;eor
       5100;2025011100;    3;   4;   1;eor
       5100;2025011106;    3;  20;   2;eor
       5100;2025011112;    3;  16;   1;eor
       5100;2025011118;    3;  24;   1;eor
       5100;2025011200;    3;  20;   1;eor
       5100;2025011206;    3;  32;   1;eor
       5100;2025011212;    3;  32;   1;eor
       5100;2025011218;    3;   4;   2;eor
       5100;2025011300;    3;   4;   2;eor
       5100;2025011306;    3;   8;   1;eor
       5100;2025011312;    3;   4;   3;eor
       5100;2025011318;    3;   4;   2;eor
       5100;2025011400;    3;   4;   2;eor
       5100;2025011406;    3;  32;   2;eor
       5100;2025011412;    3;  16;   1;eor
       5100;2025011418;    3;  32;   2;eor
       5100;2025011500;    3;  20;   2;eor
       5100;2025011506;    3;  32;   1;eor
       5100;2025011512;    3;   4;   1;eor
       5100;2025011518;    3;   4;   2;eor
       5100;2025011600;    3;   4;   2;eor
       5100;2025011606;    3;   4;   2;eor
       5100;2025011612;    3;   4;   3;eor
       5100;2025011618;    3;   4;   3;eor
       5100;2025011700;    3;   4;   3;eor
       5100;2025011706;    3;   4;   1;eor
       5100;2025011712;    3;   4;   2;eor
       5100;2025011718;    3;   4;   2;eor
       5100;2025011800;    3;   4;   3;eor
       5100;2025011806;    3;   8;   2;eor
       5100;2025011812;    3;   4;   2;eor
       5100;2025011818;    3;   4;   2;eor
       5100;2025011900;    1;   4;   1;eor
       5100;2025011906;    1;   4;   2;eor
       5100;2025011912;    1;  24;   1;eor
       5100;2025011918;    1;  12;   1;eor
       5100;2025012000;    1;  20;   1;eor
       5100;2025012006;    1;  20;   2;eor
       5100;2025012012;    1;  20;   1;eor
       5100;2025012018;    1;   4;   2;eor
       5100;2025012100;    1;  12;   1;eor
       5100;2025012106;    1;   4;   1;eor
       5100;2025012112;    1;   4;   1;eor
       5100;2025012118;    1;  20;   1;eor
       5100;2025012200;    1;   4;   1;eor
       5100;2025012206;    1;   8;   1;eor
       5100;2025012212;    1;  28;   1;eor
       5100;2025012218;    1;  32;   1;eor
       5100;2025012300;    1;  20;   3;eor
       5100;2025012306;    1;  24;   3;eor
       5100;2025012312;    1;  24;   4;eor
       5100;2025012318;    1;  16;   5;eor
       5100;2025012400;    1;  20;   4;eor
       5100;2025012406;    1;  16;   5;eor
       5100;2025012412;    1;  20;   5;eor
       5100;2025012418;    1;  20;   4;eor
       5100;2025012500;    1;  20;   4;eor
       5100;2025012506;    1;  20;   3;eor
       5100;2025012512;    1;  20;   5;eor
       5100;2025012518;    1;  28;   1;eor
       5100;2025012600;    1;  20;   4;eor
       5100;2025012606;    1;  20;   5;eor
       5100;2025012612;    1;  20;   5;eor
       5100;2025012618;    1;  16;   4;eor
       5100;2025012700;    1;  16;   6;eor
       5100;2025012706;    1;  16;   6;eor
       5100;2025012712;    1;  20;   6;eor
       5100;2025012718;    1;  20;   4;eor
       5100;2025012800;    1;  16;   4;eor
       5100;2025012806;    1;  16;   4;eor
       5100;2025012812;    1;  20;   5;eor
       5100;2025012818;    1;  16;   5;eor
       5100;2025012900;    1;  20;   4;eor
       5100;2025012906;    1;  20;   4;eor
       5100;2025012912;    1;  20;   5;eor
       5100;2025012918;    1;  20;   1;eor
       5100;2025013000;    1;  16;   2;eor
       5100;2025013006;    1;  24;   1;eor
       5100;2025013012;    1;  20;   3;eor
       5100;2025013018;    1;  32;   2;eor
       5100;2025013100;    1;  20;   1;eor
       5100;2025013106;    1;  20;   1;eor
       5100;2025013112;    1;  20;   2;eor
       5100;2025013118;    1;   4;   2;eor
       5100;2025020100;    1;   4;   3;eor
       5100;2025020106;    1;   4;   2;eor
       5100;2025020112;    1;   4;   3;eor
       5100;2025020118;    1;   4;   3;eor
       5100;2025020200;    1;   4;   2;eor
       5100;2025020206;    1;   4;   2;eor
       5100;2025020212;    1;   4;   2;eor
       5100;2025020218;    1;   8;   1;eor
       5100;2025020300;    1;   4;   2;eor
       5100;2025020306;    1;   4;   1;eor
       5100;2025020312;    1;  12;   1;eor
       5100;2025020318;    1;  20;   3;eor
       5100;2025020400;    1;  20;   2;eor
       5100;2025020406;    1;  20;   2;eor
       5100;2025020412;    1;  20;   2;eor
       5100;2025020418;    1;  20;   2;eor
       5100;2025020500;    1;  24;   2;eor
       5100;2025020506;    1;  24;   2;eor
       5100;2025020512;    1;  28;   1;eor
       5100;2025020518;    1;  32;   2;eor
       5100;2025020600;    1;   4;   2;eor
       5100;2025020606;    1;   4;   2;eor
       5100;2025020612;    1;   4;   4;eor
       5100;2025020618;    1;   4;   4;eor
       5100;2025020700;    1;   4;   4;eor
       5100;2025020706;    1;   8;   3;eor
       5100;2025020712;    1;   8;   3;eor
       5100;2025020718;    1;   4;   3;eor
       5100;2025020800;    1;   4;   2;eor
       5100;2025020806;    1;  32;   2;eor
       5100;2025020812;    1;  32;   2;eor
       5100;2025020818;    1;  32;   2;eor
       5100;2025020900;    1;  24;   1;eor
       5100;2025020906;    1;  32;   2;eor
       5100;2025020912;    1;  20;   1;eor
       5100;2025020918;    1;  32;   2;eor
       5100;2025021000;    1;  32;   2;eor
       5100;2025021006;    1;  32;   2;eor
       5100;2025021012;    1;  32;   3;eor
       5100;2025021018;    1;   8;   2;eor
       5100;2025021100;    1;  20;   4;eor
       5100;2025021106;    1;  20;   3;eor
       5100;2025021112;    1;  20;   2;eor
       5100;2025021118;    1;   8;   1;eor
       5100;2025021200;    1;   4;   1;eor
       5100;2025021206;    1;   4;   2;eor
       5100;2025021212;    1;  20;   1;eor
       5100;2025021218;    1;  24;   1;eor
       5100;2025021300;    1;  16;   1;eor
       5100;2025021306;    1;  16;   1;eor
       5100;2025021312;    1;  32;   1;eor
       5100;2025021318;    1;  28;   3;eor
       5100;2025021400;    1;   4;   3;eor
       5100;2025021406;    1;  32;   2;eor
       5100;2025021412;    1;   4;   2;eor
       5100;2025021418;    1;   4;   2;eor
       5100;2025021500;    1;   8;   2;eor
       5100;2025021506;    1;   8;   2;eor
       5100;2025021512;    1;   4;   2;eor
       5100;2025021518;    1;   8;   2;eor
       5100;2025021600;    1;   4;   2;eor
       5100;2025021606;    1;   4;   3;eor
       5100;2025021612;    1;   4;   4;eor
       5100;2025021618;    1;   8;   3;eor
       5100;2025021700;    1;   4;   3;eor
       5100;2025021706;    1;   4;   3;eor
       5100;2025021712;    1;  32;   3;eor
       5100;2025021718;    1;   8;   2;eor
       5100;2025021800;    1;   4;   3;eor
       5100;2025021806;    1;   4;   3;eor
       5100;2025021812;    1;   4;   3;eor
       5100;2025021818;    1;   4;   3;eor
       5100;2025021900;    1;   4;   3;eor
       5100;2025021906;    1;   4;   3;eor
       5100;2025021912;    1;  32;   2;eor
       5100;2025021918;    1;  16;   1;eor
       5100;2025022000;    1;   4;   2;eor
       5100;2025022006;    1;  32;   1;eor
       5100;2025022012;    1;  20;   3;eor
       5100;2025022018;    1;  16;   3;eor
       5100;2025022100;    1;  20;   2;eor
       5100;2025022106;    1;  24;   1;eor
       5100;2025022112;    1;  20;   2;eor
       5100;2025022118;    1;  16;   3;eor
       5100;2025022200;    1;  16;   2;eor
       5100;2025022206;    1;  20;   3;eor
       5100;2025022212;    1;  20;   4;eor
       5100;2025022218;    1;  20;   3;eor
       5100;2025022300;    1;  20;   2;eor
       5100;2025022306;    1;  20;   1;eor
       5100;2025022312;    1;  20;   2;eor
       5100;2025022318;    1;  16;   3;eor
       5100;2025022400;    1;  24;   2;eor
       5100;2025022406;    1;  20;   3;eor
       5100;2025022412;    1;  16;   4;eor
       5100;2025022418;    1;  24;   3;eor
       5100;2025022500;    1;  20;   2;eor
       5100;2025022506;    1;  28;   1;eor
       5100;2025022512;    1;  32;   2;eor
       5100;2025022518;    1;  32;   2;eor
       5100;2025022600;    1;  20;   3;eor
       5100;2025022606;    1;  28;   2;eor
       5100;2025022612;    1;  24;   3;eor
       5100;2025022618;    1;  16;   3;eor
       5100;2025022700;    1;  16;   4;eor
       5100;2025022706;    1;  20;   2;eor
       5100;2025022712;    1;  20;   4;eor
       5100;2025022718;    1;  20;   3;eor
       5100;2025022800;    1;  20;   4;eor
       5100;2025022806;    1;  24;   2;eor
       5100;2025022812;    1;   4;   1;eor
       5100;2025022818;    1;  32;   1;eor
       5100;2025030100;    1;  32;   2;eor
       5100;2025030106;    1;   4;   3;eor
       5100;2025030112;    1;   4;   3;eor
       5100;2025030118;    1;   4;   4;eor
       5100;2025030200;    1;   4;   3;eor
       5100;2025030206;    1;   4;   3;eor
       5100;2025030212;    1;   4;   3;eor
       5100;2025030218;    1;   8;   2;eor
       5100;2025030300;    1;   4;   2;eor
       5100;2025030306;    1;  32;   2;eor
       5100;2025030312;    1;  32;   2;eor
       5100;2025030318;    1;   4;   2;eor
       5100;2025030400;    1;   4;   2;eor
       5100;2025030406;    1;  32;   2;eor
       5100;2025030412;    1;  24;   1;eor
       5100;2025030418;    1;   8;   1;eor
       5100;2025030500;    1;  32;   2;eor
       5100;2025030506;    1;   4;   2;eor
       5100;2025030512;    1;  28;   1;eor
       5100;2025030518;    1;  12;   1;eor
       5100;2025030600;    1;  32;   1;eor
       5100;2025030606;    1;   4;   2;eor
       5100;2025030612;    1;  16;   2;eor
       5100;2025030618;    1;  16;   3;eor
       5100;2025030700;    1;  28;   1;eor
       5100;2025030706;    1;   4;   1;eor
       5100;2025030712;    1;  20;   2;eor
       5100;2025030718;    1;   4;   1;eor
       5100;2025030800;    1;   4;   2;eor
       5100;2025030806;    1;  32;   2;eor
       5100;2025030812;    1;   4;   1;eor
       5100;2025030818;    1;   8;   2;eor
       5100;2025030900;    1;   4;   3;eor
       5100;2025030906;    1;   4;   2;eor
       5100;2025030912;    1;  32;   2;eor
       5100;2025030918;    1;   4;   3;eor
       5100;2025031000;    1;  32;   2;eor
       5100;2025031006;    1;  32;   2;eor
       5100;2025031012;    1;  20;   2;eor
       5100;2025031018;    1;  20;   3;eor
       5100;2025031100;    1;  20;   2;eor
       5100;2025031106;    1;  16;   2;eor
       5100;2025031112;    1;  20;   2;eor
       5100;2025031118;    1;  32;   2;eor
       5100;2025031200;    1;   4;   2;eor
       5100;2025031206;    1;  32;   2;eor
       5100;2025031212;    1;   4;   2;eor
       5100;2025031218;    1;   4;   2;eor
       5100;2025031300;    1;   4;   2;eor
       5100;2025031306;    1;  32;   2;eor
       5100;2025031312;    1;   8;   2;eor
       5100;2025031318;    1;  32;   1;eor
       5100;2025031400;    1;  20;   1;eor
       5100;2025031406;    1;  16;   1;eor
       5100;2025031412;    1;   8;   2;eor
       5100;2025031418;    1;  32;   2;eor
       5100;2025031500;    1;   4;   4;eor
       5100;2025031506;    1;   4;   3;eor
       5100;2025031512;    1;   4;   4;eor
       5100;2025031518;    1;   4;   4;eor
       5100;2025031600;    1;   4;   4;eor
       5100;2025031606;    1;   4;   3;eor
       5100;2025031612;    1;   4;   4;eor
       5100;2025031618;    1;   4;   2;eor
       5100;2025031700;    1;   4;   3;eor
       5100;2025031706;    1;   4;   2;eor
       5100;2025031712;    1;   4;   3;eor
       5100;2025031718;    1;   8;   3;eor
       5100;2025031800;    1;   4;   4;eor
       5100;2025031806;    1;   4;   4;eor
       5100;2025031812;    1;   8;   3;eor
       5100;2025031818;    1;   8;   2;eor
       5100;2025031900;    1;   4;   3;eor
       5100;2025031906;    1;   4;   2;eor
       5100;2025031912;    1;  24;   2;eor
       5100;2025031918;    1;  16;   3;eor
       5100;2025032000;    1;  16;   1;eor
       5100;2025032006;    1;  32;   2;eor
       5100;2025032012;    1;  20;   3;eor
       5100;2025032018;    1;  16;   1;eor
       5100;2025032100;    1;  12;   2;eor
       5100;2025032106;    1;   4;   2;eor
       5100;2025032112;    1;  12;   4;eor
       5100;2025032118;    1;  12;   3;eor
       5100;2025032200;    1;   4;   3;eor
       5100;2025032206;    1;  20;   2;eor
       5100;2025032212;    1;  16;   3;eor
       5100;2025032218;    1;  12;   3;eor
       5100;2025032300;    1;   4;   2;eor
       5100;2025032306;    1;  16;   2;eor
       5100;2025032312;    1;  16;   3;eor
       5100;2025032318;    1;  20;   2;eor
       5100;2025032400;    1;   8;   1;eor
       5100;2025032406;    1;  32;   2;eor
       5100;2025032412;    1;  28;   1;eor
       5100;2025032418;    1;   4;   1;eor
       5100;2025032500;    1;  32;   2;eor
       5100;2025032506;    1;  32;   1;eor
       5100;2025032512;    1;  20;   2;eor
       5100;2025032518;    1;  28;   2;eor
       5100;2025032600;    1;  20;   1;eor
       5100;2025032606;    1;  32;   2;eor
       5100;2025032612;    1;  32;   3;eor
       5100;2025032618;    1;   4;   2;eor
       5100;2025032700;    1;   4;   2;eor
       5100;2025032706;    1;   4;   2;eor
       5100;2025032712;    1;   4;   2;eor
       5100;2025032718;    1;  32;   3;eor
       5100;2025032800;    1;   4;   1;eor
       5100;2025032806;    1;   4;   2;eor
       5100;2025032812;    1;  20;   2;eor
       5100;2025032818;    1;  24;   1;eor
       5100;2025032900;    1;   4;   2;eor
       5100;2025032906;    1;  32;   2;eor
       5100;2025032912;    1;  32;   2;eor
       5100;2025032918;    1;  32;   3;eor
       5100;2025033000;    1;  20;   2;eor
       5100;2025033006;    1;  20;   3;eor
       5100;2025033012;    1;  20;   4;eor
       5100;2025033018;    1;  28;   2;eor
       5100;2025033100;    1;  28;   2;eor
       5100;2025033106;    1;  28;   2;eor
       5100;2025033112;    1;  32;   3;eor
       5100;2025033118;    1;  32;   2;eor
       5100;2025040100;    1;   4;   2;eor
       5100;2025040106;    1;   4;   2;eor
       5100;2025040112;    1;   4;   5;eor
       5100;2025040118;    1;   4;   4;eor
